BYTE SM_200[] = {
 0,1,0,1,0,
 1,1,1,1,1,
 0,1,0,1,0,
 1,1,1,1,1,
 0,1,0,1,0,
100 };
BYTE SM_201[] = {
 1,0,0,0,1,
 0,1,0,0,1,
 0,0,1,0,1,
 0,0,0,1,1,
 0,0,0,0,1,
100 };
BYTE SM_202[] = {
	1,1,1,0,0, //
	1,1,1,0,0,
	0,0,0,0,0,
	0,0,0,0,0,
	0,0,0,0,0,
	0,1,1,1,0, //
	0,1,1,1,0,
	0,0,0,0,0,
	0,0,0,0,0,
	0,0,0,0,0,
	0,0,1,1,1, //
	0,0,1,1,1,
	0,0,0,0,0,
	0,0,0,0,0,
	0,0,0,0,0,
	0,0,0,0,0, //
	1,1,1,0,0,
	1,1,1,0,0,
	0,0,0,0,0,
	0,0,0,0,0,
	0,0,0,0,0, //
	0,1,1,1,0,
	0,1,1,1,0,
	0,0,0,0,0,
	0,0,0,0,0,
	0,0,0,0,0, //
	0,0,1,1,1,
	0,0,1,1,1,
	0,0,0,0,0,
	0,0,0,0,0,
	0,0,0,0,0, //
	0,0,0,0,0,
	1,1,1,0,0,
	1,1,1,0,0,
	0,0,0,0,0,
	0,0,0,0,0, //
	0,0,0,0,0,
	0,1,1,1,0,
	0,1,1,1,0,
	0,0,0,0,0,
	0,0,0,0,0, //
	0,0,0,0,0,
	0,0,1,1,1,
	0,0,1,1,1,
	0,0,0,0,0,
	0,0,0,0,0, //
	0,0,0,0,0,
	0,0,0,0,0,
	1,1,1,0,0,
	1,1,1,0,0,
	0,0,0,0,0, //
	0,0,0,0,0,
	0,0,0,0,0,
	0,1,1,1,0,
	0,1,1,1,0,
	0,0,0,0,0, //
	0,0,0,0,0,
	0,0,0,0,0,
	0,0,1,1,1,
	0,0,1,1,1,
	1,1,0,0,0, //
	1,1,0,0,0,
	1,1,0,0,0,
	0,0,0,0,0,
	0,0,0,0,0,
	0,1,1,0,0, //
	0,1,1,0,0,
	0,1,1,0,0,
	0,0,0,0,0,
	0,0,0,0,0,
	0,0,1,1,0, //
	0,0,1,1,0,
	0,0,1,1,0,
	0,0,0,0,0,
	0,0,0,0,0,
	0,0,0,1,1, //
	0,0,0,1,1,
	0,0,0,1,1,
	0,0,0,0,0,
	0,0,0,0,0,
	0,0,0,0,0, //
	1,1,0,0,0,
	1,1,0,0,0,
	1,1,0,0,0,
	0,0,0,0,0,
	0,0,0,0,0, //
	0,1,1,0,0,
	0,1,1,0,0,
	0,1,1,0,0,
	0,0,0,0,0,
	0,0,0,0,0, //
	0,0,1,1,0,
	0,0,1,1,0,
	0,0,1,1,0,
	0,0,0,0,0,
	0,0,0,0,0, //
	0,0,0,1,1,
	0,0,0,1,1,
	0,0,0,1,1,
	0,0,0,0,0,
	0,0,0,0,0, //
	0,0,0,0,0,
	1,1,0,0,0,
	1,1,0,0,0,
	1,1,0,0,0,
	0,0,0,0,0, //
	0,0,0,0,0,
	0,1,1,0,0,
	0,1,1,0,0,
	0,1,1,0,0,
	0,0,0,0,0, //
	0,0,0,0,0,
	0,0,1,1,0,
	0,0,1,1,0,
	0,0,1,1,0,
	0,0,0,0,0, //
	0,0,0,0,0,
	0,0,0,1,1,
	0,0,0,1,1,
	0,0,0,1,1,
'x',
 1,0,0,0,1,
 0,0,0,0,0,
 0,0,0,0,0,
 0,0,0,0,0,
 1,0,0,0,1,
100 };
BYTE SM_203[] = {
 1,1,1,1,1,
 0,1,1,1,0,
 0,0,1,0,0,
 0,0,0,0,0,
 0,0,0,0,0,
100 };
MULTILIST SM_204[] = {
 { nfpostage, 1 } ,
 { diagonal, 1 } ,
 { 0, 0 } ,
};
BYTE SM_205[] = {
 1,1,1,1,1,
 1,0,0,0,1,
 1,1,1,1,1,
 1,0,0,0,0,
 1,0,0,0,0,
100 };
BYTE SM_206[] = {
 1,1,1,1,1,
 1,1,1,1,1,
 1,1,1,1,1,
 0,0,0,0,0,
 0,0,0,0,0,
100 };
BYTE SM_207[] = {
 1,1,1,1,1,	//
 1,1,1,1,0,
 1,1,1,0,0,
 1,1,0,0,0,
 1,0,0,0,0,
	0,0,0,0,1, //
	0,0,0,1,1,
	0,0,1,1,1,
	0,1,1,1,1,
	1,1,1,1,1,
100 };
BYTE SM_208[] = {
 1,1,1,0,0,
 1,1,1,0,0,
 1,1,1,1,1,
 0,0,1,0,0,
 0,0,1,0,0,
100 };
BYTE SM_209[] = {
	1,0,0,0,0, //
	1,0,0,0,0,
	1,0,0,0,0,
	1,0,0,0,0,
	1,0,0,0,0,
	0,1,0,0,0, //
	0,1,0,0,0,
	0,1,0,0,0,
	0,1,0,0,0,
	0,1,0,0,0,
	0,0,0,1,0, //
	0,0,0,1,0,
	0,0,0,1,0,
	0,0,0,1,0,
	0,0,0,1,0,
	0,0,0,0,1, //
	0,0,0,0,1,
	0,0,0,0,1,
	0,0,0,0,1,
	0,0,0,0,1,
	1,1,1,1,1, //
	0,0,0,0,0,
	0,0,0,0,0,
	0,0,0,0,0,
	0,0,0,0,0,
	0,0,0,0,0, //
	1,1,1,1,1,
	0,0,0,0,0,
	0,0,0,0,0,
	0,0,0,0,0,
	0,0,0,0,0, //
	0,0,0,0,0,
	0,0,0,0,0,
	1,1,1,1,1,
	0,0,0,0,0,
	0,0,0,0,0, //
	0,0,0,0,0,
	0,0,0,0,0,
	0,0,0,0,0,
	1,1,1,1,1,
'X',
 1,0,0,0,1,
 0,0,0,0,0,
 0,0,0,0,0,
 0,0,0,0,0,
 1,0,0,0,1,
100 };
BYTE SM_210[] = {
 0,1,1,1,0,
 0,1,1,1,0,
 0,1,1,1,0,
 0,1,1,1,0,
 0,1,1,1,0,
100 };
BYTE SM_211[] = {
 1,1,0,1,1,	//
 1,1,0,1,1,
 0,0,0,0,0,
 1,1,0,0,0,
 1,1,0,0,0,
100 };
BYTE SM_212[] = {
 0,1,0,0,0,
 1,1,1,0,0,
 0,1,0,0,0,
 0,0,1,1,1,
 0,0,0,0,0,
100 };
BYTE SM_214[] = {
	1,1,0,0,0, //
	1,1,0,0,0,
	1,1,0,0,0,
	1,1,0,0,0,
	1,1,0,0,0,
	0,1,1,0,0, //
	0,1,1,0,0,
	0,1,1,0,0,
	0,1,1,0,0,
	0,1,1,0,0,
	0,0,1,1,0, //
	0,0,1,1,0,
	0,0,1,1,0,
	0,0,1,1,0,
	0,0,1,1,0,
	0,0,0,1,1, //
	0,0,0,1,1,
	0,0,0,1,1,
	0,0,0,1,1,
	0,0,0,1,1,
	1,1,1,1,1, //
	1,1,1,1,1,
	0,0,0,0,0,
	0,0,0,0,0,
	0,0,0,0,0,
	0,0,0,0,0, //
	1,1,1,1,1,
	1,1,1,1,1,
	0,0,0,0,0,
	0,0,0,0,0,
	0,0,0,0,0, //
	0,0,0,0,0,
	1,1,1,1,1,
	1,1,1,1,1,
	0,0,0,0,0,
	0,0,0,0,0, //
	0,0,0,0,0,
	0,0,0,0,0,
	1,1,1,1,1,
	1,1,1,1,1,
100 };
BYTE SM_215[] = {
	1,1,1,1,1, //
	0,0,1,0,0,
	0,0,1,0,0,
	0,0,1,0,0,
	0,0,1,0,0,
	0,0,0,0,1, //
	0,0,0,0,1,
	1,1,1,1,1,
	0,0,0,0,1,
	0,0,0,0,1,
	0,0,1,0,0, //
	0,0,1,0,0,
	0,0,1,0,0,
	0,0,1,0,0,
	1,1,1,1,1,
	1,0,0,0,0, //
	1,0,0,0,0,
	1,1,1,1,1,
	1,0,0,0,0,
	1,0,0,0,0,
	1,0,0,0,1, //
	0,1,0,1,0,
	0,0,1,0,0,
	0,1,0,1,0,
	1,0,0,0,1,
	1,1,1,1,1, //
	1,0,0,0,0,
	1,0,0,0,0,
	1,0,0,0,0,
	1,0,0,0,0,
	1,1,1,1,1, //
	0,0,0,0,1,
	0,0,0,0,1,
	0,0,0,0,1,
	0,0,0,0,1,
	0,0,0,0,1, //
	0,0,0,0,1,
	0,0,0,0,1,
	0,0,0,0,1,
	1,1,1,1,1,
	1,0,0,0,0, //
	1,0,0,0,0,
	1,0,0,0,0,
	1,0,0,0,0,
	1,1,1,1,1,
100 };
MULTILIST SM_216[] = {
 { hardway, 1 } ,
 { nfpostage, 1 } ,
 { 0, 0 } ,
};
MULTILIST SM_217[] = {
 { any_stamp, 1 } ,
 { corner_stamp, 1 } ,
 { 0, 0 } ,
};
BYTE SM_218[] = {
 0,0,0,0,0,	//
 0,0,1,0,0,
 0,1,1,1,0,
 0,0,1,0,0,
 0,0,0,0,0,
 1,0,0,0,1,	//
 0,0,0,0,0,
 0,0,0,0,0,
 0,0,0,0,0,
 1,0,0,0,1,
100 };
BYTE SM_219[] = {
	1,1,0,0,0, //
	1,1,0,0,0,
	0,0,0,0,0,
	0,0,0,0,0,
	0,0,0,0,0,
	0,0,0,1,1, //
	0,0,0,1,1,
	0,0,0,0,0,
	0,0,0,0,0,
	0,0,0,0,0,
	0,0,0,0,0, //
	0,0,0,0,0,
	0,0,0,0,0,
	0,0,0,1,1,
	0,0,0,1,1,
	0,0,0,0,0, //
	0,0,0,0,0,
	0,0,0,0,0,
	1,1,0,0,0,
	1,1,0,0,0,
 1,0,0,0,1,
 0,0,0,0,0,
 0,0,0,0,0,
 0,0,0,0,0,
 1,0,0,0,1,
100 };
BYTE SM_220[] = {
 0,0,0,0,0,
 0,1,1,1,0,
 0,1,1,1,0,
 0,1,1,1,0,
 1,1,1,1,1,
100 };
BYTE SM_221[] = {
 1,1,1,1,1,
 0,1,1,1,0,
 0,0,1,0,0,
 0,0,1,0,0,
 0,1,1,1,0,
100 };
BYTE SM_222[] = {
 1,0,1,0,1,
 1,0,1,0,1,
 1,0,1,0,1,
 1,0,1,0,1,
 1,0,1,0,1,
100 };
BYTE SM_223[] = {
	1,1,1,1,1, //
	1,1,1,1,1,
	1,1,1,1,1,
	1,1,1,1,1,
	1,1,1,1,1,
100 };
BYTE SM_224[] = {
	1,1,0,0,0, //
	1,1,0,0,0,
	0,0,0,0,0,
	0,0,0,0,0,
	0,0,0,0,0,
	0,1,1,0,0, //
	0,1,1,0,0,
	0,0,0,0,0,
	0,0,0,0,0,
	0,0,0,0,0,
	0,0,1,1,0, //
	0,0,1,1,0,
	0,0,0,0,0,
	0,0,0,0,0,
	0,0,0,0,0,
	0,0,0,1,1, //
	0,0,0,1,1,
	0,0,0,0,0,
	0,0,0,0,0,
	0,0,0,0,0,
	0,0,0,0,0, //
	1,1,0,0,0,
	1,1,0,0,0,
	0,0,0,0,0,
	0,0,0,0,0,
	0,0,0,0,0, //
	0,1,1,0,0,
	0,1,1,0,0,
	0,0,0,0,0,
	0,0,0,0,0,
	0,0,0,0,0, //
	0,0,1,1,0,
	0,0,1,1,0,
	0,0,0,0,0,
	0,0,0,0,0,
	0,0,0,0,0, //
	0,0,0,1,1,
	0,0,0,1,1,
	0,0,0,0,0,
	0,0,0,0,0,
	0,0,0,0,0, //
	0,0,0,0,0,
	1,1,0,0,0,
	1,1,0,0,0,
	0,0,0,0,0,
	0,0,0,0,0, //
	0,0,0,0,0,
	0,1,1,0,0,
	0,1,1,0,0,
	0,0,0,0,0,
	0,0,0,0,0, //
	0,0,0,0,0,
	0,0,1,1,0,
	0,0,1,1,0,
	0,0,0,0,0,
	0,0,0,0,0, //
	0,0,0,0,0,
	0,0,0,1,1,
	0,0,0,1,1,
	0,0,0,0,0,
	0,0,0,0,0, //
	0,0,0,0,0,
	0,0,0,0,0,
	1,1,0,0,0,
	1,1,0,0,0,
	0,0,0,0,0, //
	0,0,0,0,0,
	0,0,0,0,0,
	0,1,1,0,0,
	0,1,1,0,0,
	0,0,0,0,0, //
	0,0,0,0,0,
	0,0,0,0,0,
	0,0,1,1,0,
	0,0,1,1,0,
	0,0,0,0,0, //
	0,0,0,0,0,
	0,0,0,0,0,
	0,0,0,1,1,
	0,0,0,1,1,
'x',
 1,0,0,0,1,
 0,0,0,0,0,
 0,0,0,0,0,
 0,0,0,0,0,
 1,0,0,0,1,
100 };
BYTE SM_225[] = {
 1,0,0,0,1,	//
 0,1,0,1,0,
 0,0,1,0,0,
 0,1,0,1,0,
 1,0,0,0,1,
 1,0,0,0,0,	//
 1,0,0,0,0,
 1,0,0,0,0,
 1,0,0,0,0,
 1,1,1,1,1,
 0,0,0,0,0,	//
 0,1,1,1,0,
 0,1,0,1,0,
 0,1,1,1,0,
 0,0,0,0,0,
100 };
BYTE SM_226[] = {
 1,0,0,0,1,	//
 0,1,0,1,0,
 0,0,1,0,0,
 0,1,0,1,0,
 1,0,0,0,1,
 0,0,0,0,0,	//
 0,1,1,1,0,
 0,1,0,1,0,
 0,1,1,1,0,
 0,0,0,0,0,
100 };
BYTE SM_227[] = {
 1,0,0,0,1,	//
 0,1,0,1,0,
 0,0,1,0,0,
 0,1,0,1,0,
 1,0,0,0,1,
 1,0,0,0,0,	//
 1,0,0,0,0,
 1,0,0,0,0,
 1,0,0,0,0,
 1,1,1,1,1,
100 };
BYTE SM_228[] = {
 1,0,0,0,0,	//
 1,0,0,0,0,
 1,0,0,0,0,
 1,0,0,0,0,
 1,1,1,1,1,
 0,0,0,0,0,	//
 0,1,1,1,0,
 0,1,0,1,0,
 0,1,1,1,0,
 0,0,0,0,0,
100 };
BYTE SM_229[] = {
 1,1,1,1,1,
 1,1,1,1,1,
 1,1,1,1,1,
 1,1,1,1,1,
 1,1,1,1,1,
100 };

BYTE SM_231a[] = {
	1,1,1,0,0,	//
	0,0,0,0,0,
	0,0,0,0,0,
	0,0,0,0,0,
	0,0,0,0,0,
	1,1,0,1,0,	//
	0,0,0,0,0,
	0,0,0,0,0,
	0,0,0,0,0,
	0,0,0,0,0,
	1,1,0,0,1,	//
	0,0,0,0,0,
	0,0,0,0,0,
	0,0,0,0,0,
	0,0,0,0,0,
	1,0,1,1,0,	//
	0,0,0,0,0,
	0,0,0,0,0,
	0,0,0,0,0,
	0,0,0,0,0,
	1,0,1,0,1,	//
	0,0,0,0,0,
	0,0,0,0,0,
	0,0,0,0,0,
	0,0,0,0,0,
	1,0,0,1,1,	//
	0,0,0,0,0,
	0,0,0,0,0,
	0,0,0,0,0,
	0,0,0,0,0,
	0,1,1,1,0,	//
	0,0,0,0,0,
	0,0,0,0,0,
	0,0,0,0,0,
	0,0,0,0,0,
	0,1,1,0,1,	//
	0,0,0,0,0,
	0,0,0,0,0,
	0,0,0,0,0,
	0,0,0,0,0,
	0,1,0,1,1,	//
	0,0,0,0,0,
	0,0,0,0,0,
	0,0,0,0,0,
	0,0,0,0,0,
	0,0,1,1,1,	//
	0,0,0,0,0,
	0,0,0,0,0,
	0,0,0,0,0,
	0,0,0,0,0,
100 };
BYTE SM_231b[] = {
	0,0,0,0,0, //
	0,0,0,0,0,
	0,0,0,0,0,
	0,0,0,0,0,
	1,1,1,0,0,
	0,0,0,0,0, //
	0,0,0,0,0,
	0,0,0,0,0,
	0,0,0,0,0,
	1,1,0,1,0,
	0,0,0,0,0, //
	0,0,0,0,0,
	0,0,0,0,0,
	0,0,0,0,0,
	1,1,0,0,1,
	0,0,0,0,0, //
	0,0,0,0,0,
	0,0,0,0,0,
	0,0,0,0,0,
	1,0,1,1,0,
	0,0,0,0,0, //
	0,0,0,0,0,
	0,0,0,0,0,
	0,0,0,0,0,
	1,0,1,0,1,
	0,0,0,0,0, //
	0,0,0,0,0,
	0,0,0,0,0,
	0,0,0,0,0,
	1,0,0,1,1,
	0,0,0,0,0, //
	0,0,0,0,0,
	0,0,0,0,0,
	0,0,0,0,0,
	0,1,1,1,0,
	0,0,0,0,0, //
	0,0,0,0,0,
	0,0,0,0,0,
	0,0,0,0,0,
	0,1,1,0,1,
	0,0,0,0,0, //
	0,0,0,0,0,
	0,0,0,0,0,
	0,0,0,0,0,
	0,1,0,1,1,
	0,0,0,0,0, //
	0,0,0,0,0,
	0,0,0,0,0,
	0,0,0,0,0,
	0,0,1,1,1,
100 };
MULTILIST SM_231[] = {
 { SM_231a, 1 } ,
 { SM_231b, 1 } ,
 { 0, 0 } ,
};

BYTE SM_232[] = {
 1,1,1,0,0,	//
 0,1,0,0,0,
 1,0,0,0,0,
 0,0,0,0,0,
 0,0,0,0,0,
 0,0,0,0,0,	//
 0,0,0,0,0,
 0,0,0,1,1,
 0,0,0,1,1,
 0,0,0,1,1,
100 };
BYTE SM_233[] = {
 1,0,1,0,0,
 0,1,0,0,0,
 1,0,1,0,0,
 0,0,0,0,0,
 0,0,0,0,0,
100 };
BYTE SM_234[] = {
 1,1,1,0,0,	//
 1,0,0,0,0,
 1,1,1,0,0,
 0,0,0,0,0,
 0,0,0,0,0,
 0,0,1,1,1,	//
 0,0,1,0,0,
 0,0,1,1,1,
 0,0,0,0,0,
 0,0,0,0,0,
 0,0,0,0,0,	//
 0,0,0,0,0,
 1,1,1,0,0,
 1,0,0,0,0,
 1,1,1,0,0,
 0,0,0,0,0,	//
 0,0,0,0,0,
 0,0,1,1,1,
 0,0,1,0,0,
 0,0,1,1,1,
100 };
BYTE SM_235[] = {
 0,0,0,0,0,
 0,0,0,0,0,
 0,0,0,0,0,
 1,0,1,0,1,
 0,1,0,1,0,
100 };
BYTE SM_236[] = {
 0,0,0,0,1,
 0,0,0,1,0,
 0,0,1,0,0,
 0,0,0,1,0,
 0,0,0,0,1,
100 };
BYTE SM_237[] = {
 0,0,0,0,0,
 0,0,0,1,1,
 0,0,1,1,1,
 0,0,0,1,1,
 0,0,0,0,0,
100 };
BYTE SM_238[] = {
	1,1,0,0,0, //
	1,0,0,0,0,
	1,0,0,0,0,
	1,0,0,0,0,
	0,0,0,0,0,
	1,1,1,0,0, //
	1,0,0,0,0,
	1,0,0,0,0,
	0,0,0,0,0,
	0,0,0,0,0,
	1,1,1,1,0, //
	1,0,0,0,0,
	0,0,0,0,0,
	0,0,0,0,0,
	0,0,0,0,0,
	0,1,1,1,1, //
	0,0,0,0,1,
	0,0,0,0,0,
	0,0,0,0,0,
	0,0,0,0,0,
	0,0,1,1,1, //
	0,0,0,0,1,
	0,0,0,0,1,
	0,0,0,0,0,
	0,0,0,0,0,
	0,0,0,1,1, //
	0,0,0,0,1,
	0,0,0,0,1,
	0,0,0,0,1,
	0,0,0,0,0,
	0,0,0,0,0, //
	0,0,0,0,1,
	0,0,0,0,1,
	0,0,0,0,1,
	0,0,0,1,1,
	0,0,0,0,0, //
	0,0,0,0,0,
	0,0,0,0,1,
	0,0,0,0,1,
	0,0,1,1,1,
	0,0,0,0,0, //
	0,0,0,0,0,
	0,0,0,0,0,
	0,0,0,0,1,
	0,1,1,1,1,
	0,0,0,0,0, //
	0,0,0,0,0,
	0,0,0,0,0,
	1,0,0,0,0,
	1,1,1,1,0,
	0,0,0,0,0, //
	0,0,0,0,0,
	1,0,0,0,0,
	1,0,0,0,0,
	1,1,1,0,0,
	0,0,0,0,0, //
	1,0,0,0,0,
	1,0,0,0,0,
	1,0,0,0,0,
	1,1,0,0,0,
100 };
BYTE SM_239[] = {
 1,0,0,0,1,
 1,1,0,1,1,
 1,1,1,1,1,
 1,1,0,1,1,
 1,0,0,0,1,
100 };
BYTE SM_240[] = {
	1,0,0,0,0, //
	1,0,0,0,0,
	1,0,0,0,0,
	1,0,0,0,0,
	1,0,0,0,0,
	0,1,0,0,0, //
	0,1,0,0,0,
	0,1,0,0,0,
	0,1,0,0,0,
	0,1,0,0,0,
	0,0,1,0,0, //
	0,0,1,0,0,
	0,0,1,0,0,
	0,0,1,0,0,
	0,0,1,0,0,
	0,0,0,1,0, //
	0,0,0,1,0,
	0,0,0,1,0,
	0,0,0,1,0,
	0,0,0,1,0,
	0,0,0,0,1, //
	0,0,0,0,1,
	0,0,0,0,1,
	0,0,0,0,1,
	0,0,0,0,1,
	1,1,1,1,1, //
	0,0,0,0,0,
	0,0,0,0,0,
	0,0,0,0,0,
	0,0,0,0,0,
	0,0,0,0,0, //
	1,1,1,1,1,
	0,0,0,0,0,
	0,0,0,0,0,
	0,0,0,0,0,
	0,0,0,0,0, //
	0,0,0,0,0,
	1,1,1,1,1,
	0,0,0,0,0,
	0,0,0,0,0,
	0,0,0,0,0, //
	0,0,0,0,0,
	0,0,0,0,0,
	1,1,1,1,1,
	0,0,0,0,0,
	0,0,0,0,0, //
	0,0,0,0,0,
	0,0,0,0,0,
	0,0,0,0,0,
	1,1,1,1,1,
	1,0,0,0,0, //
	0,1,0,0,0,
	0,0,1,0,0,
	0,0,0,1,0,
	0,0,0,0,1,
	0,0,0,0,1, //
	0,0,0,1,0,
	0,0,1,0,0,
	0,1,0,0,0,
	1,0,0,0,0,
	1,0,0,0,1, //
	0,0,0,0,0,
	0,0,0,0,0,
	0,0,0,0,0,
	1,0,0,0,1,
 1,0,0,0,1,	//
 0,1,0,1,0,
 0,0,1,0,0,
 0,0,0,0,0,
 0,0,0,0,0,
 0,0,0,0,0,	//
 0,0,0,0,0,
 0,0,1,0,0,
 0,1,0,1,0,
 1,0,0,0,1,
100 };
BYTE SM_241[] = {
 1,0,0,0,1,
 0,1,1,1,0,
 0,1,0,1,0,
 0,1,1,1,0,
 1,0,0,0,1,
100 };
BYTE SM_242[] = {
	1,1,0,0,1, //
	1,1,0,0,0,
	0,0,1,0,0,
	0,0,0,1,0,
	1,0,0,0,1,
	1,0,0,1,1, //
	0,0,0,1,1,
	0,0,1,0,0,
	0,1,0,0,0,
	1,0,0,0,1,
	1,0,0,0,1, //
	0,1,0,0,0,
	0,0,1,0,0,
	0,0,0,1,1,
	1,0,0,1,1,
	1,0,0,0,1, //
	0,0,0,1,0,
	0,0,1,0,0,
	1,1,0,0,0,
	1,1,0,0,1,
100 };
BYTE SM_243[] = {
 1,0,0,0,1,	//
 0,0,0,1,0,
 1,0,1,0,0,
 1,1,0,0,0,
 1,0,0,0,0,
 0,0,0,0,1,	//
 0,0,0,1,0,
 1,0,1,0,0,
 1,1,0,0,0,
 1,0,0,0,1,
100 };
BYTE SM_244[] = {
 1,1,1,1,1,
 1,1,1,1,1,
 0,0,1,0,0,
 0,0,1,0,0,
 0,0,1,0,0,
100 };
BYTE SM_245[] = {
 1,0,0,0,1,
 0,1,0,1,0,
 0,0,1,0,0,
 0,0,1,0,0,
 0,1,1,1,0,
100 };
BYTE SM_246[] = {
 0,0,0,0,0,
 1,0,0,0,1,
 1,1,1,1,1,
 1,0,0,0,1,
 0,0,0,0,0,
100 };
BYTE SM_247[] = {
 1,1,1,0,0,
 0,0,1,0,0,
 0,0,1,1,1,
 0,0,1,0,1,
 0,0,1,1,1,
100 };
BYTE SM_248[] = {
 1,0,1,1,1,
 1,0,1,0,1,
 1,0,1,1,1,
 1,0,0,0,0,
 1,1,1,1,0,
100 };
BYTE SM_249[] = {
 1,0,0,0,0,	//
 0,0,0,0,0,
 0,0,1,0,0,
 0,1,0,1,0,
 1,0,0,0,1,
 0,0,0,0,1,	//
 0,0,0,0,0,
 0,0,1,0,0,
 0,1,0,1,0,
 1,0,0,0,1,
 1,0,0,0,1,	//
 0,1,0,0,0,
 0,0,1,0,0,
 0,1,0,0,0,
 1,0,0,0,0,
 1,0,0,0,0,	//
 0,1,0,0,0,
 0,0,1,0,0,
 0,1,0,0,0,
 1,0,0,0,1,
 1,0,0,0,1,	//
 0,1,0,1,0,
 0,0,1,0,0,
 0,0,0,0,0,
 0,0,0,0,1,
 1,0,0,0,1,	//
 0,1,0,1,0,
 0,0,1,0,0,
 0,0,0,0,0,
 1,0,0,0,0,
 0,0,0,0,1,	//
 0,0,0,1,0,
 0,0,1,0,0,
 0,0,0,1,0,
 1,0,0,0,1,
 1,0,0,0,1,	//
 0,0,0,1,0,
 0,0,1,0,0,
 0,0,0,1,0,
 0,0,0,0,1,
100 };
BYTE SM_250[] = {
 1,1,1,0,1,
 1,1,0,0,0,
 1,0,1,0,0,
 0,0,0,1,0,
 1,0,0,0,1,
100 };
BYTE SM_251[] = {
 1,1,1,0,0,
 0,1,0,0,0,
 0,1,1,1,1,
 0,0,1,1,1,
 0,0,1,0,0,
100 };
BYTE SM_252[] = {
 1,0,1,0,0,
 0,1,0,0,0,
 1,0,1,1,1,
 0,0,1,0,1,
 0,0,1,1,1,
100 };
BYTE SM_253[] = {
 0,0,0,0,0,
 0,0,0,0,0,
 1,1,1,1,1,
 1,0,0,0,1,
 1,0,0,0,1,
100 };
MULTILIST SM_254[] = {
 { any_stamp, 1 } ,
 { float6pack, 1 } ,
 { 0, 0 } ,
};
BYTE SM_256[] = {
 0,0,0,0,0,
 1,1,0,1,1,
 1,0,1,0,1,
 1,0,0,0,1,
 0,0,0,0,0,
100 };
BYTE SM_257[] = {
 0,1,1,1,0,
 0,0,0,0,0,
 0,1,1,1,0,
 0,0,0,0,0,
 0,1,1,1,0,
100 };
BYTE SM_258[] = {
 0,0,0,1,1,
 0,0,0,1,1,
 0,0,1,0,0,
 0,1,0,0,0,
 1,0,0,0,0,
100 };
BYTE SM_259[] = {
 1,1,1,0,0,
 1,1,0,0,0,
 1,0,1,0,0,
 0,0,0,1,0,
 0,0,0,0,1,
100 };
BYTE SM_260[] = {
 0,0,1,0,0,	//
 0,1,1,1,0,
 0,0,0,0,0,
 0,1,1,1,0,
 0,0,0,0,0,
 0,0,0,0,0,	//
 0,1,1,1,0,
 0,0,0,0,0,
 0,1,1,1,0,
 0,0,1,0,0,
100 };
BYTE SM_261[] = {
 1,0,0,0,0,
 0,1,0,1,0,
 1,0,1,0,1,
 0,1,0,1,0,
 0,0,1,0,1,
	0,0,0,0,1, //
	0,1,0,1,0,
	1,0,1,0,0,
	0,1,0,1,0,
	1,0,1,0,1,
100 };
MULTILIST SM_262[] = {
 { any_stamp, 1 } ,
 { diagonal, 1 } ,
 { 0, 0 } ,
};
BYTE SM_263[] = {
 0,0,0,0,0,
 1,1,1,1,1,
 1,1,1,1,1,
 1,1,1,1,1,
 0,0,0,0,0,
100 };
BYTE SM_264[] = {
 0,0,1,0,0,
 0,1,0,1,0,
 0,1,0,1,0,
 0,1,0,1,0,
 0,0,1,0,0,
100 };
BYTE SM_265[] = {
 0,0,0,0,0,
 0,0,0,0,0,
 0,1,0,1,0,
 0,1,0,1,0,
 1,1,1,1,1,
100 };
BYTE SM_266[] = {
 1,1,0,1,1,
 1,1,0,1,1,
 0,1,0,1,0,
 0,1,1,1,0,
 0,1,1,1,0,
100 };
MULTILIST SM_267[] = {
 { awsl, 1 } ,
 { corner_stamp, 1 } ,
 { 0, 0 } ,
};
BYTE SM_268[] = {
	1,1,0,0,0, //
	1,0,0,0,0,
	1,0,0,0,0,
	1,0,0,0,0,
	1,0,0,0,0,
	1,1,1,0,0, //
	1,0,0,0,0,
	1,0,0,0,0,
	1,0,0,0,0,
	0,0,0,0,0,
	1,1,1,1,0, //
	1,0,0,0,0,
	1,0,0,0,0,
	0,0,0,0,0,
	0,0,0,0,0,
	1,1,1,1,1, //
	1,0,0,0,0,
	0,0,0,0,0,
	0,0,0,0,0,
	0,0,0,0,0,
	1,1,1,1,1, //
	0,0,0,0,1,
	0,0,0,0,0,
	0,0,0,0,0,
	0,0,0,0,0,
	0,1,1,1,1, //
	0,0,0,0,1,
	0,0,0,0,1,
	0,0,0,0,0,
	0,0,0,0,0,
	0,0,1,1,1, //
	0,0,0,0,1,
	0,0,0,0,1,
	0,0,0,0,1,
	0,0,0,0,0,
	0,0,0,1,1, //
	0,0,0,0,1,
	0,0,0,0,1,
	0,0,0,0,1,
	0,0,0,0,1,
	0,0,0,0,1, //
	0,0,0,0,1,
	0,0,0,0,1,
	0,0,0,0,1,
	0,0,0,1,1,
	0,0,0,0,0, //
	0,0,0,0,1,
	0,0,0,0,1,
	0,0,0,0,1,
	0,0,1,1,1,
	0,0,0,0,0, //
	0,0,0,0,0,
	0,0,0,0,1,
	0,0,0,0,1,
	0,1,1,1,1,
	0,0,0,0,0, //
	0,0,0,0,0,
	0,0,0,0,0,
	0,0,0,0,1,
	1,1,1,1,1,
	0,0,0,0,0, //
	0,0,0,0,0,
	0,0,0,0,0,
	1,0,0,0,0,
	1,1,1,1,1,
	0,0,0,0,0, //
	0,0,0,0,0,
	1,0,0,0,0,
	1,0,0,0,0,
	1,1,1,1,0,
	0,0,0,0,0, //
	1,0,0,0,0,
	1,0,0,0,0,
	1,0,0,0,0,
	1,1,1,0,0,
	1,0,0,0,0, //
	1,0,0,0,0,
	1,0,0,0,0,
	1,0,0,0,0,
	1,1,0,0,0,
100 };
BYTE SM_269[] = {
 0,0,0,0,0,
 1,0,0,0,0,
 1,1,1,1,1,
 1,0,0,0,0,
 0,0,0,0,0,
100 };
MULTILIST SM_270[] = {
 { float6pack, 1 } ,
 { awsl, 1 } ,
 { 0, 0 } ,
};
BYTE SM_271[] = {
	1,1,1,1,1, //
	0,0,1,0,0,
	0,0,1,0,0,
	0,0,1,0,0,
	0,0,1,0,0,
	0,0,0,0,1, //
	0,0,0,0,1,
	1,1,1,1,1,
	0,0,0,0,1,
	0,0,0,0,1,
	0,0,1,0,0, //
	0,0,1,0,0,
	0,0,1,0,0,
	0,0,1,0,0,
	1,1,1,1,1,
	1,0,0,0,0, //
	1,0,0,0,0,
	1,1,1,1,1,
	1,0,0,0,0,
	1,0,0,0,0,
	0,0,1,0,0, //
	0,0,1,0,0,
	1,1,1,1,1,
	0,0,1,0,0,
	0,0,1,0,0,
	1,0,0,0,0, //
	1,0,0,0,0,
	1,0,0,0,0,
	1,0,0,0,0,
	1,1,1,1,1,
	1,1,1,1,1, //
	0,0,0,0,1,
	0,0,0,0,1,
	0,0,0,0,1,
	0,0,0,0,1,
	0,0,0,0,1, //
	0,0,0,0,1,
	0,0,0,0,1,
	0,0,0,0,1,
	1,1,1,1,1,
	1,0,0,0,0, //
	1,0,0,0,0,
	1,0,0,0,0,
	1,0,0,0,0,
	1,1,1,1,1,
100 };
BYTE SM_272[] = {
	0,1,1,1,0, //
	0,0,1,0,0,
	0,0,1,0,0,
	0,0,1,0,0,
	0,0,1,0,0,
	0,0,0,0,0, //
	0,0,0,0,1,
	1,1,1,1,1,
	0,0,0,0,1,
	0,0,0,0,0,
	0,0,1,0,0, //
	0,0,1,0,0,
	0,0,1,0,0,
	0,0,1,0,0,
	0,1,1,1,0,
	0,0,0,0,0, //
	1,0,0,0,0,
	1,1,1,1,1,
	1,0,0,0,0,
	0,0,0,0,0,
	0,1,1,1,0, //
	1,0,0,0,0,
	1,0,0,0,0,
	1,0,0,0,0,
	0,0,0,0,0,
	0,1,1,1,0, //
	0,0,0,0,1,
	0,0,0,0,1,
	0,0,0,0,1,
	0,0,0,0,0,
	0,0,0,0,0, //
	0,0,0,0,1,
	0,0,0,0,1,
	0,0,0,0,1,
	0,1,1,1,0,
	0,0,0,0,0, //
	1,0,0,0,0,
	1,0,0,0,0,
	1,0,0,0,0,
	0,1,1,1,0,
100 };
BYTE SM_273[] = {
 0,0,0,1,0,
 1,1,1,1,1,
 0,0,0,1,0,
 0,0,0,1,0,
 0,0,0,1,0,
100 };
MULTILIST SM_274[] = {
 { hard_6pack, 1 } ,
 { hard_6pack, 1 } ,
 { 0, 0 } ,
};
BYTE SM_276[] = {
 1,0,1,0,1,
 0,0,1,0,0,
 0,0,1,0,0,
 0,0,1,0,0,
 1,0,1,0,1,
100 };
BYTE SM_277[] = {
	1,1,0,0,1, //
	1,1,0,0,0,
	0,0,0,0,0,
	0,0,0,0,0,
	0,0,0,0,1,
	1,1,0,0,1, //
	1,1,0,0,0,
	0,0,0,0,0,
	0,0,0,0,0,
	1,0,0,0,0,
	1,1,0,0,0, //
	1,1,0,0,0,
	0,0,0,0,0,
	0,0,0,0,0,
	1,0,0,0,1,
	0,0,0,1,1, //
	0,0,0,1,1,
	0,0,0,0,0,
	0,0,0,0,0,
	1,0,0,0,1,
	1,0,0,1,1, //
	0,0,0,1,1,
	0,0,0,0,0,
	0,0,0,0,0,
	0,0,0,0,1,
	1,0,0,1,1, //
	0,0,0,1,1,
	0,0,0,0,0,
	0,0,0,0,0,
	1,0,0,0,0,
	1,0,0,0,0, //
	0,0,0,0,0,
	0,0,0,0,0,
	0,0,0,1,1,
	1,0,0,1,1,
	0,0,0,0,1, //
	0,0,0,0,0,
	0,0,0,0,0,
	0,0,0,1,1,
	1,0,0,1,1,
	1,0,0,0,1, //
	0,0,0,0,0,
	0,0,0,0,0,
	0,0,0,1,1,
	0,0,0,1,1,
	1,0,0,0,1, //
	0,0,0,0,0,
	0,0,0,0,0,
	1,1,0,0,0,
	1,1,0,0,0,
	1,0,0,0,0, //
	0,0,0,0,0,
	0,0,0,0,0,
	1,1,0,0,0,
	1,1,0,0,1,
	0,0,0,0,1, //
	0,0,0,0,0,
	0,0,0,0,0,
	1,1,0,0,0,
	1,1,0,0,1,
100 };
BYTE SM_278[] = {
	1,1,0,0,0, //
	1,1,0,0,0,
	0,0,0,0,0,
	0,0,0,0,0,
	0,0,0,0,0,
	0,1,1,0,0, //
	0,1,1,0,0,
	0,0,0,0,0,
	0,0,0,0,0,
	0,0,0,0,0,
	0,0,1,1,0, //
	0,0,1,1,0,
	0,0,0,0,0,
	0,0,0,0,0,
	0,0,0,0,0,
	0,0,0,1,1, //
	0,0,0,1,1,
	0,0,0,0,0,
	0,0,0,0,0,
	0,0,0,0,0,
	0,0,0,0,0, //
	1,1,0,0,0,
	1,1,0,0,0,
	0,0,0,0,0,
	0,0,0,0,0,
	0,0,0,0,0, //
	0,1,1,0,0,
	0,1,1,0,0,
	0,0,0,0,0,
	0,0,0,0,0,
	0,0,0,0,0, //
	0,0,1,1,0,
	0,0,1,1,0,
	0,0,0,0,0,
	0,0,0,0,0,
	0,0,0,0,0, //
	0,0,0,1,1,
	0,0,0,1,1,
	0,0,0,0,0,
	0,0,0,0,0,
	0,0,0,0,0, //
	0,0,0,0,0,
	1,1,0,0,0,
	1,1,0,0,0,
	0,0,0,0,0,
	0,0,0,0,0, //
	0,0,0,0,0,
	0,1,1,0,0,
	0,1,1,0,0,
	0,0,0,0,0,
	0,0,0,0,0, //
	0,0,0,0,0,
	0,0,1,1,0,
	0,0,1,1,0,
	0,0,0,0,0,
	0,0,0,0,0, //
	0,0,0,0,0,
	0,0,0,1,1,
	0,0,0,1,1,
	0,0,0,0,0,
	0,0,0,0,0, //
	0,0,0,0,0,
	0,0,0,0,0,
	1,1,0,0,0,
	1,1,0,0,0,
	0,0,0,0,0, //
	0,0,0,0,0,
	0,0,0,0,0,
	0,1,1,0,0,
	0,1,1,0,0,
	0,0,0,0,0, //
	0,0,0,0,0,
	0,0,0,0,0,
	0,0,1,1,0,
	0,0,1,1,0,
	0,0,0,0,0, //
	0,0,0,0,0,
	0,0,0,0,0,
	0,0,0,1,1,
	0,0,0,1,1,
'X',
 1,0,0,0,1,
 0,0,0,0,0,
 0,0,0,0,0,
 0,0,0,0,0,
 1,0,0,0,1,
100 };
MULTILIST SM_279[] = {
 { horizontal_line, 1 } ,
 { vertical, 1 } ,
 { diagonal, 1 } ,
 { 0, 0 } ,
};
BYTE SM_280[] = {
 1,0,0,0,1,	//
 0,1,0,1,0,
 0,0,1,0,0,
 0,1,0,0,0,
 1,0,0,0,0,
100 };
BYTE SM_281[] = {
 1,0,0,0,1,
 0,1,0,1,0,
 1,0,1,0,1,
 0,1,0,1,0,
 0,0,1,0,0,
100 };
BYTE SM_282[] = {
 1,1,1,1,1,	//
 1,1,1,1,0,
 1,1,1,0,0,
 1,1,0,0,0,
 1,0,0,0,0,
 0,0,0,0,0,	//
 0,0,0,0,1,
 0,0,0,1,1,
 0,0,1,1,1,
 0,1,1,1,1,
100 };
BYTE SM_283[] = {
 0,1,1,1,0,
 1,0,1,0,1,
 1,1,1,1,1,
 1,0,1,0,1,
 0,1,1,1,0,
100 };
BYTE SM_284[] = {
 1,1,1,1,1,
 0,0,0,0,1,
 0,0,0,0,1,
 0,0,0,0,1,
 0,0,0,0,1,
100 };
BYTE SM_285[] = {
 1,1,1,1,1,
 0,1,0,0,0,
 0,0,1,0,0,
 0,0,0,1,0,
 0,0,0,0,1,
	0,0,0,0,1, //
	0,0,0,1,1,
	0,0,1,0,1,
	0,1,0,0,1,
	1,0,0,0,1,
	1,0,0,0,0, //
	0,1,0,0,0,
	0,0,1,0,0,
	0,0,0,1,0,
	1,1,1,1,1,
	1,0,0,0,1, //
	1,0,0,1,0,
	1,0,1,0,0,
	1,1,0,0,0,
	1,0,0,0,0,
	1,0,0,0,1, //
	0,1,0,0,1,
	0,0,1,0,1,
	0,0,0,1,1,
	0,0,0,0,1,
	0,0,0,0,1, //
	0,0,0,1,0,
	0,0,1,0,0,
	0,1,0,0,0,
	1,1,1,1,1,
	1,0,0,0,0, //
	1,1,0,0,0,
	1,0,1,0,0,
	1,0,0,1,0,
	1,0,0,0,1,
	1,1,1,1,1, //
	0,0,0,1,0,
	0,0,1,0,0,
	0,1,0,0,0,
	1,0,0,0,0,
100 };
BYTE SM_286[] = {
 1,1,1,1,1,
 1,1,1,1,1,
 0,0,0,0,0,
 0,0,0,0,0,
 0,0,0,0,0,
	0,0,0,0,0, //
	1,1,1,1,1,
	1,1,1,1,1,
	0,0,0,0,0,
	0,0,0,0,0,
	0,0,0,0,0, //
	0,0,0,0,0,
	1,1,1,1,1,
	1,1,1,1,1,
	0,0,0,0,0,
	0,0,0,0,0, //
	0,0,0,0,0,
	0,0,0,0,0,
	1,1,1,1,1,
	1,1,1,1,1,
	1,1,0,0,0, //
	1,1,0,0,0,
	1,1,0,0,0,
	1,1,0,0,0,
	1,1,0,0,0,
	0,1,1,0,0, //
	0,1,1,0,0,
	0,1,1,0,0,
	0,1,1,0,0,
	0,1,1,0,0,
	0,0,1,1,0, //
	0,0,1,1,0,
	0,0,1,1,0,
	0,0,1,1,0,
	0,0,1,1,0,
	0,0,0,1,1, //
	0,0,0,1,1,
	0,0,0,1,1,
	0,0,0,1,1,
	0,0,0,1,1,
100 };
BYTE SM_287[] = {
 1,1,1,1,1,
 1,0,0,0,1,
 1,0,1,0,1,
 1,0,0,0,0,
 1,1,1,1,1,
100 };
BYTE SM_289[] = {
 1,0,1,1,1,
 1,0,0,0,1,
 1,0,0,1,1,
 1,0,0,0,1,
 1,0,1,1,1,
100 };
MULTILIST SM_290[] = {
 { hardway, 1 } ,
 { any_stamp, 1 } ,
 { 0, 0 } ,
};
BYTE SM_291[] = {
 0,0,1,1,0,
 1,0,0,0,1,
 1,0,0,1,1,
 1,0,0,0,1,
 0,0,1,1,0,
100 };
BYTE SM_292[] = {
 1,1,0,0,0,
 1,1,0,0,0,
 0,0,1,0,0,
 0,0,0,1,0,
 0,0,0,0,1,
100 };
BYTE SM_293[] = {
 1,1,1,0,0,
 1,0,1,0,0,
 1,1,1,0,0,
 0,0,0,0,0,
 0,0,0,0,0,
	0,1,1,1,0, //
	0,1,0,1,0,
	0,1,1,1,0,
	0,0,0,0,0,
	0,0,0,0,0,
	0,0,1,1,1, //
	0,0,1,0,1,
	0,0,1,1,1,
	0,0,0,0,0,
	0,0,0,0,0,
	0,0,0,0,0, //
	1,1,1,0,0,
	1,0,1,0,0,
	1,1,1,0,0,
	0,0,0,0,0,
	0,0,0,0,0, //
	0,1,1,1,0,
	0,1,0,1,0,
	0,1,1,1,0,
	0,0,0,0,0,
	0,0,0,0,0, //
	0,0,1,1,1,
	0,0,1,0,1,
	0,0,1,1,1,
	0,0,0,0,0,
	0,0,0,0,0, //
	0,0,0,0,0,
	1,1,1,0,0,
	1,0,1,0,0,
	1,1,1,0,0,
	0,0,0,0,0, //
	0,0,0,0,0,
	0,1,1,1,0,
	0,1,0,1,0,
	0,1,1,1,0,
	0,0,0,0,0, //
	0,0,0,0,0,
	0,0,1,1,1,
	0,0,1,0,1,
	0,0,1,1,1,
100 };
BYTE SM_294[] = {
 1,0,1,0,0,
 0,1,1,0,0,
 1,1,1,1,1,
 0,0,1,1,0,
 0,0,1,0,1,
100 };
BYTE SM_295[] = {
 1,0,1,0,0,
 1,0,1,0,0,
 1,0,1,1,1,
 1,0,0,0,0,
 1,1,1,1,1,
100 };
BYTE SM_296[] = {
	1,1,1,0,0, //
	1,1,1,0,0,
	0,0,0,0,0,
	0,0,0,0,0,
	0,0,0,0,0,
	0,1,1,1,0, //
	0,1,1,1,0,
	0,0,0,0,0,
	0,0,0,0,0,
	0,0,0,0,0,
	0,0,1,1,1, //
	0,0,1,1,1,
	0,0,0,0,0,
	0,0,0,0,0,
	0,0,0,0,0,
	0,0,0,0,0, //
	1,1,1,0,0,
	1,1,1,0,0,
	0,0,0,0,0,
	0,0,0,0,0,
	0,0,0,0,0, //
	0,1,1,1,0,
	0,1,1,1,0,
	0,0,0,0,0,
	0,0,0,0,0,
	0,0,0,0,0, //
	0,0,1,1,1,
	0,0,1,1,1,
	0,0,0,0,0,
	0,0,0,0,0,
	0,0,0,0,0, //
	0,0,0,0,0,
	1,1,1,0,0,
	1,1,1,0,0,
	0,0,0,0,0,
	0,0,0,0,0, //
	0,0,0,0,0,
	0,1,1,1,0,
	0,1,1,1,0,
	0,0,0,0,0,
	0,0,0,0,0, //
	0,0,0,0,0,
	0,0,1,1,1,
	0,0,1,1,1,
	0,0,0,0,0,
	0,0,0,0,0, //
	0,0,0,0,0,
	0,0,0,0,0,
	1,1,1,0,0,
	1,1,1,0,0,
	0,0,0,0,0, //
	0,0,0,0,0,
	0,0,0,0,0,
	0,1,1,1,0,
	0,1,1,1,0,
	0,0,0,0,0, //
	0,0,0,0,0,
	0,0,0,0,0,
	0,0,1,1,1,
	0,0,1,1,1,
	1,1,0,0,0, //
	1,1,0,0,0,
	1,1,0,0,0,
	0,0,0,0,0,
	0,0,0,0,0,
	0,1,1,0,0, //
	0,1,1,0,0,
	0,1,1,0,0,
	0,0,0,0,0,
	0,0,0,0,0,
	0,0,1,1,0, //
	0,0,1,1,0,
	0,0,1,1,0,
	0,0,0,0,0,
	0,0,0,0,0,
	0,0,0,1,1, //
	0,0,0,1,1,
	0,0,0,1,1,
	0,0,0,0,0,
	0,0,0,0,0,
	0,0,0,0,0, //
	1,1,0,0,0,
	1,1,0,0,0,
	1,1,0,0,0,
	0,0,0,0,0,
	0,0,0,0,0, //
	0,1,1,0,0,
	0,1,1,0,0,
	0,1,1,0,0,
	0,0,0,0,0,
	0,0,0,0,0, //
	0,0,1,1,0,
	0,0,1,1,0,
	0,0,1,1,0,
	0,0,0,0,0,
	0,0,0,0,0, //
	0,0,0,1,1,
	0,0,0,1,1,
	0,0,0,1,1,
	0,0,0,0,0,
	0,0,0,0,0, //
	0,0,0,0,0,
	1,1,0,0,0,
	1,1,0,0,0,
	1,1,0,0,0,
	0,0,0,0,0, //
	0,0,0,0,0,
	0,1,1,0,0,
	0,1,1,0,0,
	0,1,1,0,0,
	0,0,0,0,0, //
	0,0,0,0,0,
	0,0,1,1,0,
	0,0,1,1,0,
	0,0,1,1,0,
	0,0,0,0,0, //
	0,0,0,0,0,
	0,0,0,1,1,
	0,0,0,1,1,
	0,0,0,1,1,
'X',
 1,0,0,0,1,
 0,0,0,0,0,
 0,0,0,0,0,
 0,0,0,0,0,
 1,0,0,0,1,
100 };
BYTE SM_297[] = {
	1,0,0,0,0, //
	1,0,0,0,0,
	1,0,0,0,0,
	1,0,0,0,0,
	1,0,0,0,0,
	0,1,0,0,0, //
	0,1,0,0,0,
	0,1,0,0,0,
	0,1,0,0,0,
	0,1,0,0,0,
	0,0,1,0,0, //
	0,0,1,0,0,
	0,0,1,0,0,
	0,0,1,0,0,
	0,0,1,0,0,
	0,0,0,1,0, //
	0,0,0,1,0,
	0,0,0,1,0,
	0,0,0,1,0,
	0,0,0,1,0,
	0,0,0,0,1, //
	0,0,0,0,1,
	0,0,0,0,1,
	0,0,0,0,1,
	0,0,0,0,1,
	1,1,1,1,1, //
	0,0,0,0,0,
	0,0,0,0,0,
	0,0,0,0,0,
	0,0,0,0,0,
	0,0,0,0,0, //
	1,1,1,1,1,
	0,0,0,0,0,
	0,0,0,0,0,
	0,0,0,0,0,
	0,0,0,0,0, //
	0,0,0,0,0,
	1,1,1,1,1,
	0,0,0,0,0,
	0,0,0,0,0,
	0,0,0,0,0, //
	0,0,0,0,0,
	0,0,0,0,0,
	1,1,1,1,1,
	0,0,0,0,0,
	0,0,0,0,0, //
	0,0,0,0,0,
	0,0,0,0,0,
	0,0,0,0,0,
	1,1,1,1,1,
	1,0,0,0,0, //
	0,1,0,0,0,
	0,0,1,0,0,
	0,0,0,1,0,
	0,0,0,0,1,
	0,0,0,0,1, //
	0,0,0,1,0,
	0,0,1,0,0,
	0,1,0,0,0,
	1,0,0,0,0,
	1,0,0,0,1, //
	0,0,0,0,0,
	0,0,0,0,0,
	0,0,0,0,0,
	1,0,0,0,1,
	1,1,0,0,0, //
	1,1,0,0,0,
	0,0,0,0,0,
	0,0,0,0,0,
	0,0,0,0,0,
	0,0,0,1,1, //
	0,0,0,1,1,
	0,0,0,0,0,
	0,0,0,0,0,
	0,0,0,0,0,
	0,0,0,0,0, //
	0,0,0,0,0,
	0,0,0,0,0,
	0,0,0,1,1,
	0,0,0,1,1,
	0,0,0,0,0, //
	0,0,0,0,0,
	0,0,0,0,0,
	1,1,0,0,0,
	1,1,0,0,0,
	0,0,0,0,0, //
	0,0,1,0,0,
	0,1,1,1,0,
	0,0,1,0,0,
	0,0,0,0,0,
100 };
BYTE SM_298[] = {
 1,0,0,0,0,
 1,0,0,0,0,
 1,0,0,0,0,
 1,0,0,1,1,
 1,0,0,1,1,
100 };
BYTE SM_299[] = {
 0,0,1,0,0,
 0,1,1,1,0,
 0,1,0,0,0,
 0,1,1,1,0,
 0,0,1,0,0,
100 };

