BYTE SM_300[] = {
 0,0,0,0,1,
 0,0,0,0,1,
 0,0,0,0,1,
 1,0,0,0,1,
 1,1,1,1,1,
100 };
BYTE SM_301[] = {
 0,0,0,0,0,
 0,1,1,1,0,
 1,1,0,1,1,
 0,1,1,1,0,
 0,0,0,0,0,
100 };
BYTE SM_302[] = {
 1,0,1,1,1,
 0,0,1,1,1,
 0,0,1,1,1,
 0,0,0,1,0,
 0,0,0,1,0,
100 };
BYTE SM_303[] = {
 0,0,1,0,0,
 0,0,1,1,0,
 0,0,1,0,1,
 1,1,1,0,0,
 1,1,1,0,0,
100 };
BYTE SM_304[] = {
	1,0,0,0,0, //
	1,0,0,0,0,
	1,0,0,0,0,
	1,0,0,0,0,
	1,0,0,0,0,
	0,1,0,0,0, //
	0,1,0,0,0,
	0,1,0,0,0,
	0,1,0,0,0,
	0,1,0,0,0,
	0,0,1,0,0, //
	0,0,1,0,0,
	0,0,1,0,0,
	0,0,1,0,0,
	0,0,1,0,0,
	0,0,0,1,0, //
	0,0,0,1,0,
	0,0,0,1,0,
	0,0,0,1,0,
	0,0,0,1,0,
	0,0,0,0,1, //
	0,0,0,0,1,
	0,0,0,0,1,
	0,0,0,0,1,
	0,0,0,0,1,
	1,1,1,1,1, //
	0,0,0,0,0,
	0,0,0,0,0,
	0,0,0,0,0,
	0,0,0,0,0,
	0,0,0,0,0, //
	1,1,1,1,1,
	0,0,0,0,0,
	0,0,0,0,0,
	0,0,0,0,0,
	0,0,0,0,0, //
	0,0,0,0,0,
	1,1,1,1,1,
	0,0,0,0,0,
	0,0,0,0,0,
	0,0,0,0,0, //
	0,0,0,0,0,
	0,0,0,0,0,
	1,1,1,1,1,
	0,0,0,0,0,
	0,0,0,0,0, //
	0,0,0,0,0,
	0,0,0,0,0,
	0,0,0,0,0,
	1,1,1,1,1,
	1,0,0,0,0, //
	0,1,0,0,0,
	0,0,1,0,0,
	0,0,0,1,0,
	0,0,0,0,1,
	0,0,0,0,1, //
	0,0,0,1,0,
	0,0,1,0,0,
	0,1,0,0,0,
	1,0,0,0,0,
	1,0,0,0,1, //
	0,0,0,0,0,
	0,0,0,0,0,
	0,0,0,0,0,
	1,0,0,0,1,
	0,0,0,0,0, //
	0,0,1,0,0,
	0,1,1,1,0,
	0,0,1,0,0,
	0,0,0,0,0,
	0,0,1,0,0, //
	0,0,0,0,0,
	1,0,0,0,1,
	0,0,0,0,0,
	0,0,1,0,0,
	0,0,0,0,0, //
	0,1,0,1,0,
	0,0,0,0,0,
	0,1,0,1,0,
	0,0,0,0,0,
100 };
BYTE SM_305[] = {
 0,0,1,0,0,
 0,0,0,0,0,
 1,0,0,0,1,
 0,0,0,0,0,
 0,0,1,0,0,
100 };
BYTE SM_306[] = {
	1,0,0,0,1, //
	0,1,0,1,0,
	0,0,1,0,0,
	0,1,0,1,0,
	1,0,0,0,1,
	1,1,1,1,1, //
	0,0,1,0,0,
	0,0,1,0,0,
	0,0,1,0,0,
	0,0,1,0,0,
	0,0,0,0,1, //
	0,0,0,0,1,
	1,1,1,1,1,
	0,0,0,0,1,
	0,0,0,0,1,
	0,0,1,0,0, //
	0,0,1,0,0,
	0,0,1,0,0,
	0,0,1,0,0,
	1,1,1,1,1,
	1,0,0,0,0, //
	1,0,0,0,0,
	1,1,1,1,1,
	1,0,0,0,0,
	1,0,0,0,0,
	0,0,0,0,0, //
	0,1,1,1,0,
	0,1,0,1,0,
	0,1,1,1,0,
	0,0,0,0,0,
100 };
BYTE SM_307[] = {
	1,0,0,0,1, //
	0,1,0,1,0,
	0,0,1,0,0,
	0,1,0,1,0,
	1,0,0,0,1,
	1,1,1,1,1, //
	0,0,1,0,0,
	0,0,1,0,0,
	0,0,1,0,0,
	0,0,1,0,0,
	0,0,0,0,1, //
	0,0,0,0,1,
	1,1,1,1,1,
	0,0,0,0,1,
	0,0,0,0,1,
	0,0,1,0,0, //
	0,0,1,0,0,
	0,0,1,0,0,
	0,0,1,0,0,
	1,1,1,1,1,
	1,0,0,0,0, //
	1,0,0,0,0,
	1,1,1,1,1,
	1,0,0,0,0,
	1,0,0,0,0,
	0,0,0,0,0, //
	0,1,1,1,0,
	0,1,0,1,0,
	0,1,1,1,0,
	0,0,0,0,0,
	1,1,1,1,1,
	1,0,0,0,1,
	1,0,0,0,1,
	1,0,0,0,1,
	1,1,1,1,1,
100 };
BYTE SM_308[] = {
	1,0,0,0,1, //
	0,1,0,1,0,
	0,0,1,0,0,
	0,1,0,1,0,
	1,0,0,0,1,
	1,1,1,1,1, //
	0,0,1,0,0,
	0,0,1,0,0,
	0,0,1,0,0,
	0,0,1,0,0,
	0,0,0,0,1, //
	0,0,0,0,1,
	1,1,1,1,1,
	0,0,0,0,1,
	0,0,0,0,1,
	0,0,1,0,0, //
	0,0,1,0,0,
	0,0,1,0,0,
	0,0,1,0,0,
	1,1,1,1,1,
	1,0,0,0,0, //
	1,0,0,0,0,
	1,1,1,1,1,
	1,0,0,0,0,
	1,0,0,0,0,
	1,1,1,1,1,
	1,0,0,0,1,
	1,0,0,0,1,
	1,0,0,0,1,
	1,1,1,1,1,
100 };
BYTE SM_309[] = {
	1,1,1,1,1, //
	0,0,1,0,0,
	0,0,1,0,0,
	0,0,1,0,0,
	0,0,1,0,0,
	0,0,0,0,1, //
	0,0,0,0,1,
	1,1,1,1,1,
	0,0,0,0,1,
	0,0,0,0,1,
	0,0,1,0,0, //
	0,0,1,0,0,
	0,0,1,0,0,
	0,0,1,0,0,
	1,1,1,1,1,
	1,0,0,0,0, //
	1,0,0,0,0,
	1,1,1,1,1,
	1,0,0,0,0,
	1,0,0,0,0,
	0,0,0,0,0, //
	0,1,1,1,0,
	0,1,0,1,0,
	0,1,1,1,0,
	0,0,0,0,0,
	1,1,1,1,1,
	1,0,0,0,1,
	1,0,0,0,1,
	1,0,0,0,1,
	1,1,1,1,1,
100 };
BYTE SM_310[] = {
	1,0,0,0,1, //
	0,1,0,1,0,
	0,0,1,0,0,
	0,1,0,1,0,
	1,0,0,0,1,
	0,0,0,0,0, //
	0,1,1,1,0,
	0,1,0,1,0,
	0,1,1,1,0,
	0,0,0,0,0,
	1,1,1,1,1,	//
	1,0,0,0,1,
	1,0,0,0,1,
	1,0,0,0,1,
	1,1,1,1,1,
100 };
BYTE SM_311[] = {
	1,0,0,0,1, //
	0,1,0,1,0,
	0,0,1,0,0,
	0,1,0,1,0,
	1,0,0,0,1,
	1,1,1,1,1, //
	0,0,1,0,0,
	0,0,1,0,0,
	0,0,1,0,0,
	0,0,1,0,0,
	0,0,0,0,1, //
	0,0,0,0,1,
	1,1,1,1,1,
	0,0,0,0,1,
	0,0,0,0,1,
	0,0,1,0,0, //
	0,0,1,0,0,
	0,0,1,0,0,
	0,0,1,0,0,
	1,1,1,1,1,
	1,0,0,0,0, //
	1,0,0,0,0,
	1,1,1,1,1,
	1,0,0,0,0,
	1,0,0,0,0,
100 };
BYTE SM_312[] = {
	1,0,0,0,1, //
	0,1,0,1,0,
	0,0,1,0,0,
	0,1,0,1,0,
	1,0,0,0,1,
	0,0,0,0,0, //
	0,1,1,1,0,
	0,1,0,1,0,
	0,1,1,1,0,
	0,0,0,0,0,
100 };
BYTE SM_313[] = {
	1,0,0,0,1, //
	0,1,0,1,0,
	0,0,1,0,0,
	0,1,0,1,0,
	1,0,0,0,1,
	1,1,1,1,1,  //
	1,0,0,0,1,
	1,0,0,0,1,
	1,0,0,0,1,
	1,1,1,1,1,
100 };
BYTE SM_314[] = {
	1,1,1,1,1, //
	0,0,1,0,0,
	0,0,1,0,0,
	0,0,1,0,0,
	0,0,1,0,0,
	0,0,0,0,1, //
	0,0,0,0,1,
	1,1,1,1,1,
	0,0,0,0,1,
	0,0,0,0,1,
	0,0,1,0,0, //
	0,0,1,0,0,
	0,0,1,0,0,
	0,0,1,0,0,
	1,1,1,1,1,
	1,0,0,0,0, //
	1,0,0,0,0,
	1,1,1,1,1,
	1,0,0,0,0,
	1,0,0,0,0,
	0,0,0,0,0, //
	0,1,1,1,0,
	0,1,0,1,0,
	0,1,1,1,0,
	0,0,0,0,0,
100 };
BYTE SM_315[] = {
	1,1,1,1,1, //
	0,0,1,0,0,
	0,0,1,0,0,
	0,0,1,0,0,
	0,0,1,0,0,
	0,0,0,0,1, //
	0,0,0,0,1,
	1,1,1,1,1,
	0,0,0,0,1,
	0,0,0,0,1,
	0,0,1,0,0, //
	0,0,1,0,0,
	0,0,1,0,0,
	0,0,1,0,0,
	1,1,1,1,1,
	1,0,0,0,0, //
	1,0,0,0,0,
	1,1,1,1,1,
	1,0,0,0,0,
	1,0,0,0,0,
	1,1,1,1,1,  //
	1,0,0,0,1,
	1,0,0,0,1,
	1,0,0,0,1,
	1,1,1,1,1,
100 };
BYTE SM_316[] = {
 0,0,1,0,0,
 1,1,1,1,1,
 0,0,1,0,0,
 0,0,1,0,0,
 0,0,1,0,0,
100 };
BYTE SM_317[] = {
	1,0,0,0,0, //
	1,0,0,0,0,
	1,0,0,0,0,
	1,0,0,0,0,
	1,0,0,0,0,
	0,1,0,0,0, //
	0,1,0,0,0,
	0,1,0,0,0,
	0,1,0,0,0,
	0,1,0,0,0,
	0,0,1,0,0, //
	0,0,1,0,0,
	0,0,1,0,0,
	0,0,1,0,0,
	0,0,1,0,0,
	0,0,0,1,0, //
	0,0,0,1,0,
	0,0,0,1,0,
	0,0,0,1,0,
	0,0,0,1,0,
	0,0,0,0,1, //
	0,0,0,0,1,
	0,0,0,0,1,
	0,0,0,0,1,
	0,0,0,0,1,
	1,1,1,1,1, //
	0,0,0,0,0,
	0,0,0,0,0,
	0,0,0,0,0,
	0,0,0,0,0,
	0,0,0,0,0, //
	1,1,1,1,1,
	0,0,0,0,0,
	0,0,0,0,0,
	0,0,0,0,0,
	0,0,0,0,0, //
	0,0,0,0,0,
	1,1,1,1,1,
	0,0,0,0,0,
	0,0,0,0,0,
	0,0,0,0,0, //
	0,0,0,0,0,
	0,0,0,0,0,
	1,1,1,1,1,
	0,0,0,0,0,
	0,0,0,0,0, //
	0,0,0,0,0,
	0,0,0,0,0,
	0,0,0,0,0,
	1,1,1,1,1,
	1,0,0,0,0, //
	0,1,0,0,0,
	0,0,1,0,0,
	0,0,0,1,0,
	0,0,0,0,1,
	0,0,0,0,1, //
	0,0,0,1,0,
	0,0,1,0,0,
	0,1,0,0,0,
	1,0,0,0,0,
	1,0,0,0,1, //
	0,0,0,0,0,
	0,0,0,0,0,
	0,0,0,0,0,
	1,0,0,0,1,
	0,0,0,0,0, //
	0,1,0,1,0,
	0,0,0,0,0,
	0,1,0,1,0,
	0,0,0,0,0,
	0,0,0,0,0, //
	0,0,1,0,0,
	0,1,0,1,0,
	0,0,1,0,0,
	0,0,0,0,0,
	0,0,1,0,0, //
	0,0,0,0,0,
	1,0,0,0,1,
	0,0,0,0,0,
	0,0,1,0,0,
100 };
MULTILIST SM_318[] = {
 { any_stamp, 1 } ,
 { corner_stamp, 1 } ,
 { 0, 0 } ,
};
BYTE SM_319[] = {
 1,1,0,1,1,
 1,1,0,1,1,
 0,0,0,0,0,
 0,0,0,0,0,
 0,0,0,0,0,
100 };
BYTE SM_320[] = {
 1,0,0,0,1,
 0,1,0,1,0,
 1,1,1,1,1,
 0,1,0,1,0,
 1,0,0,0,1,
100 };
BYTE SM_321[] = {
	1,1,0,1,1, //
	1,0,0,0,1,
	0,0,0,0,0,
	0,0,0,0,0,
	0,0,0,0,0,
	1,1,0,0,0, //
	1,0,0,0,0,
	0,0,0,0,0,
	0,0,0,0,1,
	0,0,0,1,1,
	1,1,0,0,0, //
	1,0,0,0,0,
	0,0,0,0,0,
	1,0,0,0,0,
	1,1,0,0,0,
	0,0,0,1,1, //
	0,0,0,0,1,
	0,0,0,0,0,
	0,0,0,0,1,
	0,0,0,1,1,
	0,0,0,1,1, //
	0,0,0,0,1,
	0,0,0,0,0,
	1,0,0,0,0,
	1,1,0,0,0,
	0,0,0,0,0, //
	0,0,0,0,0,
	0,0,0,0,0,
	1,0,0,0,1,
	1,1,0,1,1,
100 };
BYTE SM_322[] = {
 1,1,1,1,1,
 1,0,1,0,1,
 1,1,1,1,1,
 1,0,1,0,1,
 1,1,1,1,1,
100 };

MULTILIST SM_323[] = {
 { awsl, 1 } ,
 { corners, 1 } ,
 { icorners, 1 } ,
 { smalldiamond, 1 } ,
 { NFany_stamp, -1 } ,
 { 0, 0 } ,
};

BYTE SM_327[] = {
 1,0,0,0,1,	//
 0,1,0,0,0,
 0,0,1,0,0,
 0,0,0,1,0,
 0,0,0,0,1,
 1,0,0,0,0,	//
 0,1,0,0,0,
 0,0,1,0,0,
 0,0,0,1,0,
 1,0,0,0,1,
 1,0,0,0,1,	//
 0,0,0,1,0,
 0,0,1,0,0,
 0,1,0,0,0,
 1,0,0,0,0,
 0,0,0,0,1,	//
 0,0,0,1,0,
 0,0,1,0,0,
 0,1,0,0,0,
 1,0,0,0,1,
100 };
BYTE SM_328[] = {
	1,1,0,0,0, //
	1,1,0,0,0,
	1,1,0,0,0,
	1,1,0,0,0,
	1,1,0,0,0,
	1,0,1,0,0, //
	1,0,1,0,0,
	1,0,1,0,0,
	1,0,1,0,0,
	1,0,1,0,0,
	1,0,0,1,0, //
	1,0,0,1,0,
	1,0,0,1,0,
	1,0,0,1,0,
	1,0,0,1,0,
	1,0,0,0,1, //
	1,0,0,0,1,
	1,0,0,0,1,
	1,0,0,0,1,
	1,0,0,0,1,
	0,1,1,0,0, //
	0,1,1,0,0,
	0,1,1,0,0,
	0,1,1,0,0,
	0,1,1,0,0,
	0,1,0,1,0, //
	0,1,0,1,0,
	0,1,0,1,0,
	0,1,0,1,0,
	0,1,0,1,0,
	0,1,0,0,1, //
	0,1,0,0,1,
	0,1,0,0,1,
	0,1,0,0,1,
	0,1,0,0,1,
	0,0,1,1,0, //
	0,0,1,1,0,
	0,0,1,1,0,
	0,0,1,1,0,
	0,0,1,1,0,
	0,0,1,0,1, //
	0,0,1,0,1,
	0,0,1,0,1,
	0,0,1,0,1,
	0,0,1,0,1,
	0,0,0,1,1, //
	0,0,0,1,1,
	0,0,0,1,1,
	0,0,0,1,1,
	0,0,0,1,1,

	1,1,1,1,1, //
	1,1,1,1,1,
	0,0,0,0,0,
	0,0,0,0,0,
	0,0,0,0,0,
	1,1,1,1,1, //
	0,0,0,0,0,
	1,1,1,1,1,
	0,0,0,0,0,
	0,0,0,0,0,
	1,1,1,1,1, //
	0,0,0,0,0,
	0,0,0,0,0,
	1,1,1,1,1,
	0,0,0,0,0,
	1,1,1,1,1, //
	0,0,0,0,0,
	0,0,0,0,0,
	0,0,0,0,0,
	1,1,1,1,1,
	0,0,0,0,0, //
	1,1,1,1,1,
	1,1,1,1,1,
	0,0,0,0,0,
	0,0,0,0,0,
	0,0,0,0,0, //
	1,1,1,1,1,
	0,0,0,0,0,
	1,1,1,1,1,
	0,0,0,0,0,
	0,0,0,0,0, //
	1,1,1,1,1,
	0,0,0,0,0,
	0,0,0,0,0,
	1,1,1,1,1,
	0,0,0,0,0, //
	0,0,0,0,0,
	1,1,1,1,1,
	1,1,1,1,1,
	0,0,0,0,0,
	0,0,0,0,0, //
	0,0,0,0,0,
	1,1,1,1,1,
	0,0,0,0,0,
	1,1,1,1,1,
	0,0,0,0,0, //
	0,0,0,0,0,
	0,0,0,0,0,
	1,1,1,1,1,
	1,1,1,1,1,
100 };
BYTE SM_329[] = {
 1,1,1,1,1,
 0,0,0,0,0,
 0,0,0,0,0,
 0,0,0,0,0,
 0,0,0,0,0,
100 };
BYTE SM_330[] = {
 1,1,1,1,1,	//
 0,0,0,0,0,
 0,0,0,0,0,
 0,0,0,0,0,
 0,0,0,0,0,
 0,0,0,0,1,	//
 0,0,0,1,0,
 0,0,1,0,0,
 0,1,0,0,0,
 1,0,0,0,0,
100 };
BYTE SM_331[] = {
 1,0,0,0,1,
 1,1,0,1,1,
 1,0,1,0,1,
 1,1,0,1,1,
 1,0,0,0,1,
100 };
MULTILIST SM_332[] = {
 { any_stamp, 1 } ,
 { anycorner, 1 } ,
 { 0, 0 } ,
};
BYTE SM_333[] = {
 0,0,0,0,0,
 0,0,1,0,0,
 0,1,1,1,0,
 0,0,1,0,0,
 0,0,0,0,0,
'X',
	1,0,0,0,0, //
	0,0,0,0,0,
	0,0,0,0,0,
	0,0,0,0,0,
	0,0,0,0,0,
	0,0,0,0,1, //
	0,0,0,0,0,
	0,0,0,0,0,
	0,0,0,0,0,
	0,0,0,0,0,
	0,0,0,0,0, //
	0,0,0,0,0,
	0,0,0,0,0,
	0,0,0,0,0,
	0,0,0,0,1,
	0,0,0,0,0, //
	0,0,0,0,0,
	0,0,0,0,0,
	0,0,0,0,0,
	1,0,0,0,0,
100 };
BYTE SM_334[] = {
 0,0,1,1,1,
 0,0,1,1,1,
 0,0,1,1,1,
 0,0,1,1,1,
 0,0,1,1,1,
100 };
MULTILIST SM_335[] = {
 { corner_stamp, 1 } ,
 { block9, 1 } ,
 { 0, 0 } ,
};
BYTE SM_336[] = {
 1,1,1,1,1,
 0,0,0,0,0,
 0,0,0,0,0,
 0,0,0,0,0,
 0,0,0,0,0,
100 };
BYTE SM_337[] = {
 0,0,0,0,1,	//
 0,0,0,1,0,
 0,0,1,0,0,
 0,1,0,0,0,
 1,0,0,0,0,
100 };
MULTILIST SM_338[] = {
 { awsl, 1 } ,
 { float6pack, 1 } ,
 { 0, 0 } ,
};
BYTE SM_339[] = {
 0,0,1,0,0,
 0,1,1,1,0,
 1,1,1,1,1,
 0,0,1,0,0,
 0,0,1,0,0,
100 };
BYTE SM_340[] = {
 0,0,1,0,0,
 0,1,0,0,0,
 1,0,0,0,0,
 0,1,0,0,0,
 0,0,1,0,0,
100 };

BYTE SM_342[] = {
 1,1,1,1,1,	//
 1,1,1,1,1,
 1,1,1,1,1,
 1,1,1,1,1,
 1,1,1,1,1,
 1,1,1,1,1,	//
 0,0,0,0,0,
 1,1,1,1,1,
 0,0,0,0,0,
 1,1,1,1,1,
100 };
//BYTE SM_343[] = {
// 1,1,1,1,1,
// 1,1,1,1,1,
// 1,1,1,1,1,
// 1,1,1,1,1,
// 1,1,1,1,1,
//100 };


BYTE SM_343a[] = {
 1,1,0,1,1,
 1,1,0,1,1,
 0,0,0,0,0,
 1,1,0,1,1,
 1,1,0,1,1,
 100
};

ORLIST SM_343[] = {
 { 0, SM_343a,NULL,NULL},
 { 0, coverall,NULL,NULL},
 { -1, NULL,NULL,NULL},
};

BYTE SM_344[] = {
	1,1,0,0,0, //
	1,1,0,0,0,
	1,1,0,0,0,
	1,1,0,0,0,
	1,1,0,0,0,
	0,1,1,0,0, //
	0,1,1,0,0,
	0,1,1,0,0,
	0,1,1,0,0,
	0,1,1,0,0,
	0,0,1,1,0, //
	0,0,1,1,0,
	0,0,1,1,0,
	0,0,1,1,0,
	0,0,1,1,0,
	0,0,0,1,1, //
	0,0,0,1,1,
	0,0,0,1,1,
	0,0,0,1,1,
	0,0,0,1,1,
	1,1,1,1,1, //
	1,1,1,1,1,
	0,0,0,0,0,
	0,0,0,0,0,
	0,0,0,0,0,
	0,0,0,0,0, //
	1,1,1,1,1,
	1,1,1,1,1,
	0,0,0,0,0,
	0,0,0,0,0,
	0,0,0,0,0, //
	0,0,0,0,0,
	1,1,1,1,1,
	1,1,1,1,1,
	0,0,0,0,0,
	0,0,0,0,0, //
	0,0,0,0,0,
	0,0,0,0,0,
	1,1,1,1,1,
	1,1,1,1,1,
	1,1,0,1,1, //
	1,0,0,0,1,
	0,0,0,0,0,
	0,0,0,0,0,
	0,0,0,0,0,
	1,1,0,0,0, //
	1,0,0,0,0,
	0,0,0,0,0,
	0,0,0,0,1,
	0,0,0,1,1,
	1,1,0,0,0, //
	1,0,0,0,0,
	0,0,0,0,0,
	1,0,0,0,0,
	1,1,0,0,0,
	0,0,0,1,1, //
	0,0,0,0,1,
	0,0,0,0,0,
	0,0,0,0,1,
	0,0,0,1,1,
	0,0,0,1,1, //
	0,0,0,0,1,
	0,0,0,0,0,
	1,0,0,0,0,
	1,1,0,0,0,
	0,0,0,0,0, //
	0,0,0,0,0,
	0,0,0,0,0,
	1,0,0,0,1,
	1,1,0,1,1,
100 };
BYTE SM_345[] = {
	1,1,1,1,1, //
	0,0,0,0,0,
	0,0,0,0,0,
	0,0,0,0,0,
	0,0,0,0,0,
	0,0,0,0,1, //
	0,0,0,0,1,
	0,0,0,0,1,
	0,0,0,0,1,
	0,0,0,0,1,
	0,0,0,0,0, //
	0,0,0,0,0,
	0,0,0,0,0,
	0,0,0,0,0,
	1,1,1,1,1,
	1,0,0,0,0, //
	1,0,0,0,0,
	1,0,0,0,0,
	1,0,0,0,0,
	1,0,0,0,0,
'x',
 0,0,0,0,0,
 0,1,0,1,0,
 0,0,0,0,0,
 0,1,0,1,0,
 0,0,0,0,0,
100 };
BYTE SM_346[] = {
 0,1,1,1,0,
 0,1,1,1,0,
 0,1,1,1,0,
 0,1,1,1,0,
 1,1,1,1,1,
100 };
BYTE SM_347[] = {
 1,0,0,0,1,
 1,0,0,0,1,
 1,0,0,0,1,
 0,1,0,1,0,
 0,0,1,0,0,
100 };
BYTE SM_348[] = {
 0,0,0,0,0,
 0,0,0,0,0,
 0,0,0,0,0,
 1,0,1,0,1,
 0,1,0,1,0,
100 };
MULTILIST SM_349[] = {
 { awsl, 4 } ,
 { NFany_stamp, 1 } ,
 { 0, 0 } ,
};

ANDLIST SM_349a[] = {
 { 0, awsl,NULL,NULL},
 { 0, awsl,NULL,NULL},
 { 0, awsl,NULL,NULL},
 { 0, awsl,NULL,NULL},
 { 0, NFany_stamp,NULL,NULL},
 { -1, NULL,NULL,NULL},
};

MULTILIST SM_349b[] = {
 { awsl, 1 } ,
 { awsl, 1 } ,
 { awsl, 1 } ,
 { awsl, 1 } ,
 { NFany_stamp, 1 } ,
 { 0, 0 } ,
};

BYTE SM_350[] = {
 0,0,1,0,1,	//
 0,0,1,0,1,
 0,0,1,0,1,
 0,0,1,0,1,
 0,0,1,0,1,
 0,0,0,1,1,	//
 0,0,0,1,1,
 0,0,0,1,1,
 0,0,0,1,1,
 0,0,0,1,1,
 0,0,1,1,1,	//
 0,0,1,1,1,
 0,0,1,1,1,
 0,0,1,1,1,
 0,0,1,1,1,
100 };
MULTILIST SM_351[] = {
 { awsl, 1 } ,
 { new_anywayP_FS, 1 } ,
 { 0, 0 } ,
};
MULTILIST SM_352[] = {
 { awsl, 1 } ,
 { corners, 1 } ,
 { icorners, 1 } ,
 { smalldiamond, 1 } ,
 { f3sepstamps, 1 } ,
 { 0, 0 } ,
};
BYTE SM_354[] = {
 0,0,1,0,0,
 0,1,1,1,0,
 1,1,1,1,1,
 0,1,1,1,0,
 0,1,1,1,0,
100 };
MULTILIST SM_355[] = {
 { awsl, 1 } ,
 { new_anywayIC_P, 1 } ,
 { 0, 0 } ,
};
BYTE SM_356[] = {
	1,1,1,1,1, //
	0,0,0,0,0,
	0,0,0,0,0,
	0,0,0,0,0,
	0,0,0,0,0,
	0,0,0,0,0, //
	1,1,1,1,1,
	0,0,0,0,0,
	0,0,0,0,0,
	0,0,0,0,0,
	0,0,0,0,0, //
	0,0,0,0,0,
	0,0,0,0,0,
	1,1,1,1,1,
	0,0,0,0,0,
	0,0,0,0,0, //
	0,0,0,0,0,
	0,0,0,0,0,
	0,0,0,0,0,
	1,1,1,1,1,
100 };
MULTILIST SM_357[] = {
 { awsl, 1 } ,
 { any_stamp, 1 } ,
 { 0, 0 } ,
};
BYTE SM_358[] = {
 1,0,0,0,1,	//
 1,0,0,0,1,
 1,1,1,1,1,
 1,0,0,0,1,
 1,0,0,0,1,
 1,1,1,1,1,	//
 0,0,1,0,0,
 0,0,1,0,0,
 0,0,1,0,0,
 1,1,1,1,1,
100 };
BYTE SM_359[] = {
 0,0,1,1,1,
 0,0,1,1,1,
 0,0,1,0,0,
 0,0,1,0,0,
 0,0,1,0,0,
100 };
MULTILIST SM_360[] = {
 { diagonal, 1 } ,
 { vertical, 1 } ,
 { 0, 0 } ,
};
BYTE SM_361[] = {
 0,1,1,1,0,
 0,0,0,0,0,
 0,0,0,0,0,
 0,0,0,0,0,
 0,1,1,1,0,
100 };
BYTE SM_362[] = {
	1,0,0,0,0, //
	1,0,0,0,0,
	1,0,0,0,0,
	1,0,0,0,0,
	1,0,0,0,0,
	0,1,0,0,0, //
	0,1,0,0,0,
	0,1,0,0,0,
	0,1,0,0,0,
	0,1,0,0,0,
	0,0,1,0,0, //
	0,0,1,0,0,
	0,0,1,0,0,
	0,0,1,0,0,
	0,0,1,0,0,
	0,0,0,1,0, //
	0,0,0,1,0,
	0,0,0,1,0,
	0,0,0,1,0,
	0,0,0,1,0,
	0,0,0,0,1, //
	0,0,0,0,1,
	0,0,0,0,1,
	0,0,0,0,1,
	0,0,0,0,1,
	1,1,1,1,1, //
	0,0,0,0,0,
	0,0,0,0,0,
	0,0,0,0,0,
	0,0,0,0,0,
	0,0,0,0,0, //
	1,1,1,1,1,
	0,0,0,0,0,
	0,0,0,0,0,
	0,0,0,0,0,
	0,0,0,0,0, //
	0,0,0,0,0,
	1,1,1,1,1,
	0,0,0,0,0,
	0,0,0,0,0,
	0,0,0,0,0, //
	0,0,0,0,0,
	0,0,0,0,0,
	1,1,1,1,1,
	0,0,0,0,0,
	0,0,0,0,0, //
	0,0,0,0,0,
	0,0,0,0,0,
	0,0,0,0,0,
	1,1,1,1,1,
	1,0,0,0,0, //
	0,1,0,0,0,
	0,0,1,0,0,
	0,0,0,1,0,
	0,0,0,0,1,
	0,0,0,0,1, //
	0,0,0,1,0,
	0,0,1,0,0,
	0,1,0,0,0,
	1,0,0,0,0,
'x',
 0,0,0,0,0,
 0,1,0,1,0,
 0,0,0,0,0,
 0,1,0,1,0,
 0,0,0,0,0,
100 };
BYTE SM_363[] = {
	1,0,0,0,0, //
	1,0,0,0,0,
	1,0,0,0,0,
	1,0,0,0,0,
	1,0,0,0,0,
	0,1,0,0,0, //
	0,1,0,0,0,
	0,1,0,0,0,
	0,1,0,0,0,
	0,1,0,0,0,
	0,0,1,0,0, //
	0,0,1,0,0,
	0,0,1,0,0,
	0,0,1,0,0,
	0,0,1,0,0,
	0,0,0,1,0, //
	0,0,0,1,0,
	0,0,0,1,0,
	0,0,0,1,0,
	0,0,0,1,0,
	0,0,0,0,1, //
	0,0,0,0,1,
	0,0,0,0,1,
	0,0,0,0,1,
	0,0,0,0,1,
	1,1,1,1,1, //
	0,0,0,0,0,
	0,0,0,0,0,
	0,0,0,0,0,
	0,0,0,0,0,
	0,0,0,0,0, //
	1,1,1,1,1,
	0,0,0,0,0,
	0,0,0,0,0,
	0,0,0,0,0,
	0,0,0,0,0, //
	0,0,0,0,0,
	1,1,1,1,1,
	0,0,0,0,0,
	0,0,0,0,0,
	0,0,0,0,0, //
	0,0,0,0,0,
	0,0,0,0,0,
	1,1,1,1,1,
	0,0,0,0,0,
	0,0,0,0,0, //
	0,0,0,0,0,
	0,0,0,0,0,
	0,0,0,0,0,
	1,1,1,1,1,
	1,0,0,0,0, //
	0,1,0,0,0,
	0,0,1,0,0,
	0,0,0,1,0,
	0,0,0,0,1,
	0,0,0,0,1, //
	0,0,0,1,0,
	0,0,1,0,0,
	0,1,0,0,0,
	1,0,0,0,0,
'x',
 1,0,0,0,1,
 0,0,0,0,0,
 0,0,0,0,0,
 0,0,0,0,0,
 1,0,0,0,1,
100 };
BYTE SM_364[] = {
	1,1,1,1,1, //
	0,0,0,0,0,
	0,0,0,0,0,
	0,0,0,0,0,
	0,0,0,0,0,
	0,0,0,0,1, //
	0,0,0,0,1,
	0,0,0,0,1,
	0,0,0,0,1,
	0,0,0,0,1,
	0,0,0,0,0, //
	0,0,0,0,0,
	0,0,0,0,0,
	0,0,0,0,0,
	1,1,1,1,1,
	1,0,0,0,0, //
	1,0,0,0,0,
	1,0,0,0,0,
	1,0,0,0,0,
	1,0,0,0,0,
	1,0,0,0,0, //
	0,1,0,0,0,
	0,0,1,0,0,
	0,0,0,1,0,
	0,0,0,0,1,
	0,0,0,0,1, //
	0,0,0,1,0,
	0,0,1,0,0,
	0,1,0,0,0,
	1,0,0,0,0,
100 };
BYTE SM_365[] = {
 0,0,1,0,0,
 0,1,1,1,0,
 0,0,1,0,0,
 0,0,0,0,0,
 0,0,0,0,0,
100 };
BYTE SM_366[] = {
	0,0,0,0,0, //
	0,1,1,1,0,
	0,1,1,0,0,
	0,1,0,0,0,
	0,0,0,0,0,
	0,0,0,0,0, //
	0,1,0,0,0,
	0,1,1,1,0,
	0,1,0,0,0,
	0,0,0,0,0,
	0,0,0,0,0, //
	0,1,0,0,0,
	0,1,1,0,0,
	0,1,1,1,0,
	0,0,0,0,0,
	0,0,0,0,0, //
	0,1,1,0,0,
	0,1,1,0,0,
	0,1,1,0,0,
	0,0,0,0,0,
	0,0,0,0,0, //
	0,1,0,1,0,
	0,1,0,1,0,
	0,1,0,1,0,
	0,0,0,0,0,
	0,0,0,0,0, //
	0,1,0,0,0,
	0,1,1,0,0,
	0,1,0,1,0,
	0,0,0,0,0,
	0,0,0,0,0, //
	0,1,0,1,0,
	0,1,1,0,0,
	0,1,0,0,0,
	0,0,0,0,0,

	0,0,0,0,0, //
	0,0,1,1,0,
	0,0,1,1,0,
	0,0,1,1,0,
	0,0,0,0,0,
	0,0,0,0,0, //
	0,1,1,1,0,
	0,0,1,0,0,
	0,0,1,0,0,
	0,0,0,0,0,
	0,0,0,0,0, //
	0,0,1,0,0,
	0,1,1,1,0,
	0,0,1,0,0,
	0,0,0,0,0,
	0,0,0,0,0, //
	0,0,1,0,0,
	0,0,1,0,0,
	0,1,1,1,0,
	0,0,0,0,0,
	0,0,0,0,0, //
	0,1,1,0,0,
	0,0,1,0,0,
	0,0,1,1,0,
	0,0,0,0,0,
	0,0,0,0,0, //
	0,0,1,1,0,
	0,0,1,0,0,
	0,1,1,0,0,
	0,0,0,0,0,

	0,0,0,0,0, //
	0,1,1,1,0,
	0,0,1,1,0,
	0,0,0,1,0,
	0,0,0,0,0,
	0,0,0,0,0, //
	0,0,0,1,0,
	0,1,1,1,0,
	0,0,0,1,0,
	0,0,0,0,0,
	0,0,0,0,0, //
	0,0,0,1,0,
	0,0,0,1,0,
	0,1,1,1,0,
	0,0,0,0,0,
	0,0,0,0,0, //
	0,1,0,1,0,
	0,0,1,1,0,
	0,0,0,1,0,
	0,0,0,0,0,
	0,0,0,0,0, //
	0,0,0,1,0,
	0,0,1,1,0,
	0,1,0,1,0,
	0,0,0,0,0,

	0,0,0,0,0, //
	0,1,1,1,0,
	0,1,1,1,0,
	0,0,0,0,0,
	0,0,0,0,0,
	0,0,0,0,0, //
	0,1,1,1,0,
	0,0,0,0,0,
	0,1,1,1,0,
	0,0,0,0,0,
	0,0,0,0,0, //
	0,1,1,1,0,
	0,0,1,0,0,
	0,0,0,1,0,
	0,0,0,0,0,
	0,0,0,0,0, //
	0,1,1,1,0,
	0,0,1,0,0,
	0,1,0,0,0,
	0,0,0,0,0,

	0,0,0,0,0, //
	0,0,0,0,0,
	0,1,1,1,0,
	0,1,1,1,0,
	0,0,0,0,0,
	0,0,0,0,0, //
	0,1,0,0,0,
	0,1,1,1,0,
	0,0,0,1,0,
	0,0,0,0,0,
	0,0,0,0,0, //
	0,0,0,1,0,
	0,1,1,1,0,
	0,1,0,0,0,
	0,0,0,0,0,

	0,0,0,0,0, //
	0,0,0,0,0,
	0,1,1,1,0,
	0,1,1,1,0,
	0,0,0,0,0,
	0,0,0,0,0, //
	0,1,0,0,0,
	0,0,1,0,0,
	0,1,1,1,0,
	0,0,0,0,0,

	0,0,0,0,0, //
	0,1,0,1,0,
	0,0,1,0,0,
	0,1,0,1,0,
	0,0,0,0,0,

100 };
BYTE SM_367[] = {
 0,0,1,1,1,
 0,0,1,1,1,
 0,0,0,1,0,
 0,0,0,0,0,
 0,0,0,0,0,
100 };
BYTE SM_368[] = {
	1,1,1,1,1, //
	0,0,0,0,0,
	0,0,0,0,0,
	0,0,0,0,0,
	0,0,0,0,0,
	0,0,0,0,0, //
	1,1,1,1,1,
	0,0,0,0,0,
	0,0,0,0,0,
	0,0,0,0,0,
	0,0,0,0,0, //
	0,0,0,0,0,
	1,1,1,1,1,
	0,0,0,0,0,
	0,0,0,0,0,
	0,0,0,0,0, //
	0,0,0,0,0,
	0,0,0,0,0,
	1,1,1,1,1,
	0,0,0,0,0,
	0,0,0,0,0, //
	0,0,0,0,0,
	0,0,0,0,0,
	0,0,0,0,0,
	1,1,1,1,1,
	1,0,0,0,0, //
	0,1,0,0,0,
	0,0,1,0,0,
	0,0,0,1,0,
	0,0,0,0,1,
	0,0,0,0,1, //
	0,0,0,1,0,
	0,0,1,0,0,
	0,1,0,0,0,
	1,0,0,0,0,
100 };
MULTILIST SM_369[] = {
 { any6around, 1 } ,
 { diagonal, 1 } ,
 { 0, 0 } ,
};
BYTE SM_370[] = {
	1,0,0,0,0, //
	1,0,0,0,0,
	1,0,0,0,0,
	1,0,0,0,0,
	1,0,0,0,0,
	0,1,0,0,0, //
	0,1,0,0,0,
	0,1,0,0,0,
	0,1,0,0,0,
	0,1,0,0,0,
	0,0,1,0,0, //
	0,0,1,0,0,
	0,0,1,0,0,
	0,0,1,0,0,
	0,0,1,0,0,
	0,0,0,1,0, //
	0,0,0,1,0,
	0,0,0,1,0,
	0,0,0,1,0,
	0,0,0,1,0,
	0,0,0,0,1, //
	0,0,0,0,1,
	0,0,0,0,1,
	0,0,0,0,1,
	0,0,0,0,1,
	1,1,1,1,1, //
	0,0,0,0,0,
	0,0,0,0,0,
	0,0,0,0,0,
	0,0,0,0,0,
	0,0,0,0,0, //
	1,1,1,1,1,
	0,0,0,0,0,
	0,0,0,0,0,
	0,0,0,0,0,
	0,0,0,0,0, //
	0,0,0,0,0,
	1,1,1,1,1,
	0,0,0,0,0,
	0,0,0,0,0,
	0,0,0,0,0, //
	0,0,0,0,0,
	0,0,0,0,0,
	1,1,1,1,1,
	0,0,0,0,0,
	0,0,0,0,0, //
	0,0,0,0,0,
	0,0,0,0,0,
	0,0,0,0,0,
	1,1,1,1,1,
100 };
BYTE SM_371[] = {
 0,0,1,0,1,	//
 0,0,0,1,0,
 1,0,1,0,1,
 0,1,0,0,0,
 1,0,1,0,0,
	1,0,1,0,0, //
	0,1,0,0,0,
	1,0,1,0,1,
	0,0,0,1,0,
	0,0,1,0,1,
100 };
BYTE SM_372[] = {
 1,0,1,0,1,
 0,1,1,1,0,
 0,0,1,0,0,
 0,0,0,0,0,
 1,0,0,0,1,
100 };
BYTE SM_373[] = {
 1,1,1,1,1,
 0,1,1,1,0,
 0,0,1,0,0,
 0,0,1,0,0,
 1,1,1,1,1,
100 };
BYTE SM_374[] = {
	1,1,1,1,1, //
	0,0,0,0,0,
	0,0,0,0,0,
	0,0,0,0,0,
	1,0,0,0,1,
	1,0,0,0,1, //
	0,0,0,0,1,
	0,0,0,0,1,
	0,0,0,0,1,
	1,0,0,0,1,
	1,0,0,0,1, //
	0,0,0,0,0,
	0,0,0,0,0,
	0,0,0,0,0,
	1,1,1,1,1,
	1,0,0,0,1, //
	1,0,0,0,0,
	1,0,0,0,0,
	1,0,0,0,0,
	1,0,0,0,1,
100 };
BYTE SM_375[] = {
 0,0,0,0,0,
 0,0,0,0,0,
 1,1,0,0,0,
 1,1,1,1,1,
 1,1,0,0,0,
100 };
BYTE SM_376[] = {
 0,1,0,1,0,
 0,0,0,0,0,
 0,0,1,0,0,
 1,0,0,0,1,
 0,1,1,1,0,
100 };
BYTE SM_377[] = {
 1,0,0,1,1,
 1,0,0,1,1,
 1,0,0,0,0,
 1,0,0,1,1,
 1,0,0,1,1,
100 };
BYTE SM_378[] = {
	0,1,0,0,0, //
	1,1,1,0,0,
	1,1,1,0,0,
	0,0,0,0,0,
	0,0,0,0,0,
	0,0,1,0,0, //
	0,1,1,1,0,
	0,1,1,1,0,
	0,0,0,0,0,
	0,0,0,0,0,
	0,0,0,1,0, //
	0,0,1,1,1,
	0,0,1,1,1,
	0,0,0,0,0,
	0,0,0,0,0,
	0,0,0,0,0, //
	0,1,0,0,0,
	1,1,1,0,0,
	1,1,1,0,0,
	0,0,0,0,0,
	0,0,0,0,0, //
	0,0,1,0,0,
	0,1,1,1,0,
	0,1,1,1,0,
	0,0,0,0,0,
	0,0,0,0,0, //
	0,0,0,1,0,
	0,0,1,1,1,
	0,0,1,1,1,
	0,0,0,0,0,
	0,0,0,0,0, //
	0,0,0,0,0,
	0,1,0,0,0,
	1,1,1,0,0,
	1,1,1,0,0,
	0,0,0,0,0, //
	0,0,0,0,0,
	0,0,1,0,0,
	0,1,1,1,0,
	0,1,1,1,0,
	0,0,0,0,0, //
	0,0,0,0,0,
	0,0,0,1,0,
	0,0,1,1,1,
	0,0,1,1,1,
100 };
BYTE SM_379[] = {
 1,0,0,0,0,	//
 1,0,1,0,0,
 1,0,1,0,1,
 0,0,1,0,1,
 0,0,0,0,1,
 0,0,0,0,1,	//
 0,0,1,0,1,
 1,0,1,0,1,
 1,0,1,0,0,
 1,0,0,0,0,
100 };
BYTE SM_380[] = {
 0,0,0,0,0,	//
 0,1,0,0,0,
 1,1,1,1,1,
 0,1,0,0,0,
 0,0,0,0,0,
 0,0,0,0,0,	//
 0,0,0,1,0,
 1,1,1,1,1,
 0,0,0,1,0,
 0,0,0,0,0,
100 };
BYTE SM_381[] = {
 1,1,1,0,0,
 1,0,1,0,0,
 1,1,1,0,0,
 0,0,0,0,0,
 0,0,0,0,0,
100 };
BYTE SM_382[] = {
 1,0,0,0,0,	//
 0,1,0,0,0,
 0,0,1,0,1,
 0,0,0,1,1,
 0,0,0,0,1,
 0,0,0,0,1,	//
 0,0,0,1,0,
 1,0,1,0,0,
 1,1,0,0,0,
 1,0,0,0,0,
100 };
BYTE SM_383[] = {
 0,0,0,0,0,
 0,0,0,0,0,
 1,0,0,0,0,
 1,1,0,0,0,
 1,1,1,0,0,
100 };
MULTILIST SM_384[] = {
 { horizontal_line, 1 } ,
 { diagonal, 1 } ,
 { 0, 0 } ,
};
BYTE SM_385[] = {
 0,0,1,1,1,
 0,0,1,1,1,
 0,0,1,0,0,
 0,0,1,0,0,
 0,0,1,0,0,
100 };
BYTE SM_386[] = {
 0,1,1,1,0,
 0,1,1,1,0,
 0,0,1,0,0,
 0,0,1,0,0,
 0,0,1,0,0,
	0,1,0,1,0, //
	0,1,0,1,0,
	0,1,1,1,0,
	0,0,1,0,0,
	0,0,1,0,0,
100 };
BYTE SM_387[] = {
 0,0,0,0,0,
 0,0,0,0,1,
 1,1,1,1,1,
 0,0,0,0,1,
 0,0,0,0,0,
100 };
BYTE SM_388[] = {
	1,1,0,0,1, //
	1,1,0,0,0,
	0,0,1,0,0,
	0,0,0,1,0,
	1,0,0,0,1,
	1,0,0,1,1, //
	0,0,0,1,1,
	0,0,1,0,0,
	0,1,0,0,0,
	1,0,0,0,1,
	1,0,0,0,1, //
	0,1,0,0,0,
	0,0,1,0,0,
	0,0,0,1,1,
	1,0,0,1,1,
	1,0,0,0,1, //
	0,0,0,1,0,
	0,0,1,0,0,
	1,1,0,0,0,
	1,1,0,0,1,

	1,1,0,0,0, //
	1,1,0,1,0,
	0,0,1,0,0,
	0,1,0,1,0,
	0,0,0,0,1,
	0,0,0,1,1, //
	0,1,0,1,1,
	0,0,1,0,0,
	0,1,0,1,0,
	1,0,0,0,0,
	1,0,0,0,0, //
	0,1,0,1,0,
	0,0,1,0,0,
	0,1,0,1,1,
	0,0,0,1,1,
	0,0,0,0,1, //
	0,1,0,1,0,
	0,0,1,0,0,
	1,1,0,1,0,
	1,1,0,0,0,
100 };
BYTE SM_389[] = {
 0,0,0,0,0,
 1,0,1,0,1,
 1,0,1,0,1,
 1,0,1,0,1,
 0,0,0,0,0,
100 };
BYTE SM_390[] = {
 0,1,0,1,0,
 0,1,0,1,0,
 0,1,1,1,0,
 0,0,1,0,0,
 0,0,1,0,0,
100 };
BYTE SM_391[] = {
	1,1,1,1,1, //
	0,0,0,0,0,
	0,0,0,0,0,
	0,0,0,0,0,
	0,0,0,0,0,
	0,0,0,0,1, //
	0,0,0,0,1,
	0,0,0,0,1,
	0,0,0,0,1,
	0,0,0,0,1,
	0,0,0,0,0, //
	0,0,0,0,0,
	0,0,0,0,0,
	0,0,0,0,0,
	1,1,1,1,1,
	1,0,0,0,0, //
	1,0,0,0,0,
	1,0,0,0,0,
	1,0,0,0,0,
	1,0,0,0,0,
'x',
 0,0,0,0,0,
 0,1,0,1,0,
 0,0,0,0,0,
 0,1,0,1,0,
 0,0,0,0,0,
100 };
MULTILIST SM_392[] = {
 { flsmdiamond, 1 } ,
 { two_corners, 1 } ,
 { 0, 0 } ,
};
BYTE SM_393[] = {
 0,0,0,0,0,	//
 1,0,0,0,1,
 1,1,1,1,1,
 1,0,0,0,1,
 0,0,0,0,0,
 0,1,1,1,0,	//
 0,0,1,0,0,
 0,0,1,0,0,
 0,0,1,0,0,
 0,1,1,1,0,
100 };
BYTE SM_394[] = {
	1,1,0,0,0, //
	1,1,0,0,0,
	0,0,1,0,0,
	0,0,0,1,0,
	0,0,0,0,1,
	0,0,0,1,1, //
	0,0,0,1,1,
	0,0,1,0,0,
	0,1,0,0,0,
	1,0,0,0,0,
	1,0,0,0,0, //
	0,1,0,0,0,
	0,0,1,0,0,
	0,0,0,1,1,
	0,0,0,1,1,
	0,0,0,0,1, //
	0,0,0,1,0,
	0,0,1,0,0,
	1,1,0,0,0,
	1,1,0,0,0,
'x',
 0,0,0,0,0,
 0,1,0,1,0,
 0,0,0,0,0,
 0,1,0,1,0,
 0,0,0,0,0,
100 };
BYTE SM_395[] = {
 0,0,0,0,0,
 0,1,1,1,0,
 0,0,0,1,0,
 0,1,1,1,0,
 0,0,0,0,0,
100 };
BYTE SM_396[] = {
 1,0,1,0,0,	//
 0,1,0,0,0,
 1,0,1,0,1,
 0,0,0,1,0,
 0,0,1,0,1,
 0,0,1,0,1,	//
 0,0,0,1,0,
 1,0,1,0,1,
 0,1,0,0,0,
 1,0,1,0,0,
100 };
BYTE SM_397[] = {
 0,0,1,0,0,	//
 0,0,1,0,0,
 0,0,1,0,0,
 0,1,1,1,0,
 0,1,1,1,0,
 0,1,1,1,0,	//
 0,1,1,1,0,
 0,0,1,0,0,
 0,0,1,0,0,
 0,0,1,0,0,
100 };
BYTE SM_398[] = {
 1,1,1,0,0,	//
 1,1,1,0,0,
 0,0,1,0,0,
 0,0,1,0,0,
 0,0,1,0,0,
 0,0,1,1,1,	//
 0,0,1,1,1,
 0,0,1,0,0,
 0,0,1,0,0,
 0,0,1,0,0,
100 };
BYTE SM_399[] = {
 0,1,0,1,0,
 1,1,0,1,1,
 0,0,0,0,0,
 0,0,0,1,1,
 0,0,0,1,0,
100 };

