BYTE SM_601[] = {
 0,0,0,1,1,
 0,0,0,1,1,
 0,0,1,1,1,
 0,0,0,0,0,
 0,0,0,0,0,
100 };
BYTE SM_602[] = {
 1,0,0,1,1,
 0,0,0,1,0,
 0,0,1,1,0,
 0,0,0,1,0,
 1,0,0,1,1,
100 };
BYTE SM_603[] = {
 0,0,0,0,0,
 0,0,0,0,0,
 0,0,1,1,1,
 0,0,0,1,1,
 0,0,0,1,1,
100 };

BYTE SM_607[] = {
 0,0,0,0,0,
 1,1,0,0,0,
 1,1,1,0,0,
 0,0,0,0,0,
 0,0,0,0,0,
100 };
BYTE SM_608[] = {
 0,0,0,0,0,
 0,0,0,1,1,
 0,0,1,1,1,
 0,0,0,0,0,
 0,0,0,0,0,
100 };
#if 0
BYTE SM_609[] = {
 1,1,0,0,0,
 1,1,0,0,0,
 1,1,1,1,1,
 1,1,0,1,0,
 1,1,0,0,1,
100 };
#endif
MULTILIST SM_609[] = {
 { hardway, 1 } ,
 { hardway_2, 1 } ,
 { easy, 1 } ,
 { easy_2, 1 } ,
 { 0, 0 } ,
};
BYTE SM_610[] = {
 0,0,0,0,0,
 0,0,0,1,1,
 0,0,1,1,1,
 0,0,0,0,0,
 0,0,0,0,0,
100 };
BYTE SM_611[] = {
 1,0,0,0,0,
 0,1,0,0,0,
 0,0,1,0,0,
 0,0,0,1,0,
 0,0,0,0,1,
100 };
BYTE SM_612[] = {
 0,0,0,0,0,
 0,1,0,0,0,
 1,1,1,0,0,
 0,1,0,0,0,
 0,0,0,0,0,
100 };
BYTE SM_613[] = {
 1,0,0,0,0,
 0,1,0,0,0,
 0,0,1,0,0,
 0,0,0,1,1,
 0,0,0,1,1,
	0,0,0,0,1, //
	0,0,0,1,0,
	0,0,1,0,0,
	1,1,0,0,0,
	1,1,0,0,0,
	1,1,0,0,0, //
	1,1,0,0,0,
	0,0,1,0,0,
	0,0,0,1,0,
	0,0,0,0,1,
	0,0,0,1,1, //
	0,0,0,1,1,
	0,0,1,0,0,
	0,1,0,0,0,
	1,0,0,0,0,
100 };
BYTE SM_614[] = {
 0,0,0,0,0,
 1,1,0,0,0,
 1,1,1,0,0,
 0,0,0,0,0,
 0,0,0,0,0,
100 };
BYTE SM_615[] = {
 0,0,0,1,0,
 0,0,1,1,1,
 0,0,1,1,0,
 0,0,0,0,0,
 0,0,0,0,0,
100 };

BYTE SM_617[] = {
 1,0,0,0,0,
 1,1,1,1,1,
 0,0,1,0,0,
 0,0,0,1,0,
 0,0,0,0,1,
100 };
BYTE SM_618[] = {
 0,0,0,0,0,
 1,1,1,1,1,
 0,0,1,0,0,
 0,1,0,1,0,
 0,0,0,0,0,
100 };
BYTE SM_619[] = {
 1,0,0,0,1,
 1,1,1,1,1,
 0,0,1,0,0,
 0,0,0,0,0,
 1,0,0,0,1,
100 };
BYTE SM_620[] = {
 0,0,0,0,0,
 1,1,0,0,0,
 1,1,1,0,0,
 1,1,0,0,0,
 0,0,0,0,0,
100 };
BYTE SM_621[] = {
 0,1,0,0,0,
 0,1,0,0,0,
 0,1,1,0,0,
 0,1,0,0,0,
 0,1,0,0,0,
100 };
BYTE SM_622[] = {
 1,0,0,0,1,
 0,1,0,1,0,
 0,0,1,0,0,
 0,1,0,1,0,
 1,0,0,0,1,
100 };
BYTE SM_623[] = {
 0,0,0,1,0,
 0,0,1,1,1,
 0,0,1,1,0,
 0,0,0,0,0,
 0,0,0,0,0,
100 };
#if 0
BYTE SM_624[] = {
 1,1,1,1,1,	//
 0,0,0,0,0,
 0,0,1,0,0,
 0,0,0,0,0,
 0,0,0,0,0,
 0,0,0,0,0,	//
 0,0,0,0,0,
 0,0,1,0,0,
 0,0,0,0,0,
 1,1,1,1,1,
100 };
#else
// 2 daubed cards on top, 2 daubed cards on bottom
BYTE SM_624[] = {
 1,1,1,1,1,	// 1   0 1234
 0,0,0,0,0,
 0,0,0,0,0,
 0,0,0,0,0,
 0,0,0,0,0,
 0,0,0,0,0,	// 2
 0,0,0,0,0,
 0,0,0,0,0,
 0,0,0,0,0,
 1,1,1,1,1,
 1,1,1,1,1,	// 3
 0,0,0,0,0,
 0,0,0,0,0,
 0,0,0,0,0,
 0,0,0,0,0,
 0,0,0,0,0,	// 4
 0,0,0,0,0,
 0,0,0,0,0,
 0,0,0,0,0,
 1,1,1,1,1,
 0,0,0,0,0,	// 5
 0,0,0,0,0,
 0,0,0,0,0,
 0,0,0,0,0,
 0,0,0,0,0,
 0,0,0,0,0,	// 6
 0,0,0,0,0,
 0,0,0,0,0,
 0,0,0,0,0,
 0,0,0,0,0,

 1,1,1,1,1,	// 1   1 1245
 0,0,0,0,0,
 0,0,0,0,0,
 0,0,0,0,0,
 0,0,0,0,0,
 0,0,0,0,0,	// 2
 0,0,0,0,0,
 0,0,0,0,0,
 0,0,0,0,0,
 1,1,1,1,1,
 0,0,0,0,0,	// 3
 0,0,0,0,0,
 0,0,0,0,0,
 0,0,0,0,0,
 0,0,0,0,0,
 0,0,0,0,0,	// 4
 0,0,0,0,0,
 0,0,0,0,0,
 0,0,0,0,0,
 1,1,1,1,1,
 1,1,1,1,1,	// 5
 0,0,0,0,0,
 0,0,0,0,0,
 0,0,0,0,0,
 0,0,0,0,0,
 0,0,0,0,0,	// 6
 0,0,0,0,0,
 0,0,0,0,0,
 0,0,0,0,0,
 0,0,0,0,0,

 0,0,0,0,0,	// 1  2 2345
 0,0,0,0,0,
 0,0,0,0,0,
 0,0,0,0,0,
 0,0,0,0,0,
 0,0,0,0,0,	// 2
 0,0,0,0,0,
 0,0,0,0,0,
 0,0,0,0,0,
 1,1,1,1,1,
 1,1,1,1,1,	// 3
 0,0,0,0,0,
 0,0,0,0,0,
 0,0,0,0,0,
 0,0,0,0,0,
 0,0,0,0,0,	// 4
 0,0,0,0,0,
 0,0,0,0,0,
 0,0,0,0,0,
 1,1,1,1,1,
 1,1,1,1,1,	// 5
 0,0,0,0,0,
 0,0,0,0,0,
 0,0,0,0,0,
 0,0,0,0,0,
 0,0,0,0,0,	// 6
 0,0,0,0,0,
 0,0,0,0,0,
 0,0,0,0,0,
 0,0,0,0,0,

//

 1,1,1,1,1,	// 1   0 1236
 0,0,0,0,0,
 0,0,0,0,0,
 0,0,0,0,0,
 0,0,0,0,0,
 0,0,0,0,0,	// 2
 0,0,0,0,0,
 0,0,0,0,0,
 0,0,0,0,0,
 1,1,1,1,1,
 1,1,1,1,1,	// 3
 0,0,0,0,0,
 0,0,0,0,0,
 0,0,0,0,0,
 0,0,0,0,0,
 0,0,0,0,0,	// 4
 0,0,0,0,0,
 0,0,0,0,0,
 0,0,0,0,0,
 0,0,0,0,0,
 0,0,0,0,0,	// 5
 0,0,0,0,0,
 0,0,0,0,0,
 0,0,0,0,0,
 0,0,0,0,0,
 0,0,0,0,0,	// 6
 0,0,0,0,0,
 0,0,0,0,0,
 0,0,0,0,0,
 1,1,1,1,1,

 1,1,1,1,1,	// 1   1 1256
 0,0,0,0,0,
 0,0,0,0,0,
 0,0,0,0,0,
 0,0,0,0,0,
 0,0,0,0,0,	// 2
 0,0,0,0,0,
 0,0,0,0,0,
 0,0,0,0,0,
 1,1,1,1,1,
 0,0,0,0,0,	// 3
 0,0,0,0,0,
 0,0,0,0,0,
 0,0,0,0,0,
 0,0,0,0,0,
 0,0,0,0,0,	// 4
 0,0,0,0,0,
 0,0,0,0,0,
 0,0,0,0,0,
 0,0,0,0,0,
 1,1,1,1,1,	// 5
 0,0,0,0,0,
 0,0,0,0,0,
 0,0,0,0,0,
 0,0,0,0,0,
 0,0,0,0,0,	// 6
 0,0,0,0,0,
 0,0,0,0,0,
 0,0,0,0,0,
 1,1,1,1,1,

 0,0,0,0,0,	// 1  2 2356
 0,0,0,0,0,
 0,0,0,0,0,
 0,0,0,0,0,
 0,0,0,0,0,
 0,0,0,0,0,	// 2
 0,0,0,0,0,
 0,0,0,0,0,
 0,0,0,0,0,
 1,1,1,1,1,
 1,1,1,1,1,	// 3
 0,0,0,0,0,
 0,0,0,0,0,
 0,0,0,0,0,
 0,0,0,0,0,
 0,0,0,0,0,	// 4
 0,0,0,0,0,
 0,0,0,0,0,
 0,0,0,0,0,
 0,0,0,0,0,
 1,1,1,1,1,	// 5
 0,0,0,0,0,
 0,0,0,0,0,
 0,0,0,0,0,
 0,0,0,0,0,
 0,0,0,0,0,	// 6
 0,0,0,0,0,
 0,0,0,0,0,
 0,0,0,0,0,
 1,1,1,1,1,

//
 1,1,1,1,1,	// 1   0 1346
 0,0,0,0,0,
 0,0,0,0,0,
 0,0,0,0,0,
 0,0,0,0,0,
 0,0,0,0,0,	// 2
 0,0,0,0,0,
 0,0,0,0,0,
 0,0,0,0,0,
 0,0,0,0,0,
 1,1,1,1,1,	// 3
 0,0,0,0,0,
 0,0,0,0,0,
 0,0,0,0,0,
 0,0,0,0,0,
 0,0,0,0,0,	// 4
 0,0,0,0,0,
 0,0,0,0,0,
 0,0,0,0,0,
 1,1,1,1,1,
 0,0,0,0,0,	// 5
 0,0,0,0,0,
 0,0,0,0,0,
 0,0,0,0,0,
 0,0,0,0,0,
 0,0,0,0,0,	// 6
 0,0,0,0,0,
 0,0,0,0,0,
 0,0,0,0,0,
 1,1,1,1,1,

 1,1,1,1,1,	// 1   1 1456
 0,0,0,0,0,
 0,0,0,0,0,
 0,0,0,0,0,
 0,0,0,0,0,
 0,0,0,0,0,	// 2
 0,0,0,0,0,
 0,0,0,0,0,
 0,0,0,0,0,
 0,0,0,0,0,
 0,0,0,0,0,	// 3
 0,0,0,0,0,
 0,0,0,0,0,
 0,0,0,0,0,
 0,0,0,0,0,
 0,0,0,0,0,	// 4
 0,0,0,0,0,
 0,0,0,0,0,
 0,0,0,0,0,
 1,1,1,1,1,
 1,1,1,1,1,	// 5
 0,0,0,0,0,
 0,0,0,0,0,
 0,0,0,0,0,
 0,0,0,0,0,
 0,0,0,0,0,	// 6
 0,0,0,0,0,
 0,0,0,0,0,
 0,0,0,0,0,
 1,1,1,1,1,

 0,0,0,0,0,	// 1  2 3456
 0,0,0,0,0,
 0,0,0,0,0,
 0,0,0,0,0,
 0,0,0,0,0,
 0,0,0,0,0,	// 2
 0,0,0,0,0,
 0,0,0,0,0,
 0,0,0,0,0,
 0,0,0,0,0,
 1,1,1,1,1,	// 3
 0,0,0,0,0,
 0,0,0,0,0,
 0,0,0,0,0,
 0,0,0,0,0,
 0,0,0,0,0,	// 4
 0,0,0,0,0,
 0,0,0,0,0,
 0,0,0,0,0,
 1,1,1,1,1,
 1,1,1,1,1,	// 5
 0,0,0,0,0,
 0,0,0,0,0,
 0,0,0,0,0,
 0,0,0,0,0,
 0,0,0,0,0,	// 6
 0,0,0,0,0,
 0,0,0,0,0,
 0,0,0,0,0,
 1,1,1,1,1,

100 };
#endif
BYTE SM_625[] = {
 1,0,0,0,1,
 1,0,0,0,1,
 1,0,1,0,1,
 1,0,0,0,1,
 1,0,0,0,1,
100 };
MULTILIST SM_626[] = {
 { hardway, 1 } ,
 { easy, 1 } ,
 { 0, 0 } ,
};
BYTE SM_627[] = {
 0,0,1,1,0,
 0,1,1,1,0,
 0,0,1,1,0,
 0,0,0,0,0,
 0,0,0,0,0,
100 };
//
// 2 daubed cards on left, 2 daubed cards on right
// cards laid out
//	1	4
//	2	5
//	3	6
BYTE SM_628[] = {
 1,0,0,0,0,	// 1   0 (1245)
 1,0,0,0,0,
 1,0,0,0,0,
 1,0,0,0,0,
 1,0,0,0,0,
 1,0,0,0,0,	// 2
 1,0,0,0,0,
 1,0,0,0,0,
 1,0,0,0,0,
 1,0,0,0,0,
 0,0,0,0,0,	// 3
 0,0,0,0,0,
 0,0,0,0,0,
 0,0,0,0,0,
 0,0,0,0,0,
 0,0,0,0,1,	// 4
 0,0,0,0,1,
 0,0,0,0,1,
 0,0,0,0,1,
 0,0,0,0,1,
 0,0,0,0,1,	// 5
 0,0,0,0,1,
 0,0,0,0,1,
 0,0,0,0,1,
 0,0,0,0,1,
 0,0,0,0,0,	// 6
 0,0,0,0,0,
 0,0,0,0,0,
 0,0,0,0,0,
 0,0,0,0,0,

 1,0,0,0,0,	// 1   1 (1246)
 1,0,0,0,0,
 1,0,0,0,0,
 1,0,0,0,0,
 1,0,0,0,0,
 1,0,0,0,0,	// 2
 1,0,0,0,0,
 1,0,0,0,0,
 1,0,0,0,0,
 1,0,0,0,0,
 0,0,0,0,0,	// 3
 0,0,0,0,0,
 0,0,0,0,0,
 0,0,0,0,0,
 0,0,0,0,0,
 0,0,0,0,1,	// 4
 0,0,0,0,1,
 0,0,0,0,1,
 0,0,0,0,1,
 0,0,0,0,1,
 0,0,0,0,0,	// 5
 0,0,0,0,0,
 0,0,0,0,0,
 0,0,0,0,0,
 0,0,0,0,0,
 0,0,0,0,1,	// 6
 0,0,0,0,1,
 0,0,0,0,1,
 0,0,0,0,1,
 0,0,0,0,1,

 1,0,0,0,0,	// 1   2 (1256)
 1,0,0,0,0,
 1,0,0,0,0,
 1,0,0,0,0,
 1,0,0,0,0,
 1,0,0,0,0,	// 2
 1,0,0,0,0,
 1,0,0,0,0,
 1,0,0,0,0,
 1,0,0,0,0,
 0,0,0,0,0,	// 3
 0,0,0,0,0,
 0,0,0,0,0,
 0,0,0,0,0,
 0,0,0,0,0,
 0,0,0,0,0,	// 4
 0,0,0,0,0,
 0,0,0,0,0,
 0,0,0,0,0,
 0,0,0,0,0,
 0,0,0,0,1,	// 5
 0,0,0,0,1,
 0,0,0,0,1,
 0,0,0,0,1,
 0,0,0,0,1,
 0,0,0,0,1,	// 6
 0,0,0,0,1,
 0,0,0,0,1,
 0,0,0,0,1,
 0,0,0,0,1,

//

 1,0,0,0,0,	// 1   0 (1345)
 1,0,0,0,0,
 1,0,0,0,0,
 1,0,0,0,0,
 1,0,0,0,0,
 0,0,0,0,0,	// 2
 0,0,0,0,0,
 0,0,0,0,0,
 0,0,0,0,0,
 0,0,0,0,0,
 1,0,0,0,0,	// 3
 1,0,0,0,0,
 1,0,0,0,0,
 1,0,0,0,0,
 1,0,0,0,0,
 0,0,0,0,1,	// 4
 0,0,0,0,1,
 0,0,0,0,1,
 0,0,0,0,1,
 0,0,0,0,1,
 0,0,0,0,1,	// 5
 0,0,0,0,1,
 0,0,0,0,1,
 0,0,0,0,1,
 0,0,0,0,1,
 0,0,0,0,0,	// 6
 0,0,0,0,0,
 0,0,0,0,0,
 0,0,0,0,0,
 0,0,0,0,0,

 1,0,0,0,0,	// 1   1 (1346)
 1,0,0,0,0,
 1,0,0,0,0,
 1,0,0,0,0,
 1,0,0,0,0,
 0,0,0,0,0,	// 2
 0,0,0,0,0,
 0,0,0,0,0,
 0,0,0,0,0,
 0,0,0,0,0,
 1,0,0,0,0,	// 3
 1,0,0,0,0,
 1,0,0,0,0,
 1,0,0,0,0,
 1,0,0,0,0,
 0,0,0,0,1,	// 4
 0,0,0,0,1,
 0,0,0,0,1,
 0,0,0,0,1,
 0,0,0,0,1,
 0,0,0,0,0,	// 5
 0,0,0,0,0,
 0,0,0,0,0,
 0,0,0,0,0,
 0,0,0,0,0,
 0,0,0,0,1,	// 6
 0,0,0,0,1,
 0,0,0,0,1,
 0,0,0,0,1,
 0,0,0,0,1,

 1,0,0,0,0,	// 1   2 (1356)
 1,0,0,0,0,
 1,0,0,0,0,
 1,0,0,0,0,
 1,0,0,0,0,
 0,0,0,0,0,	// 2
 0,0,0,0,0,
 0,0,0,0,0,
 0,0,0,0,0,
 0,0,0,0,0,
 1,0,0,0,0,	// 3
 1,0,0,0,0,
 1,0,0,0,0,
 1,0,0,0,0,
 1,0,0,0,0,
 0,0,0,0,0,	// 4
 0,0,0,0,0,
 0,0,0,0,0,
 0,0,0,0,0,
 0,0,0,0,0,
 0,0,0,0,1,	// 5
 0,0,0,0,1,
 0,0,0,0,1,
 0,0,0,0,1,
 0,0,0,0,1,
 0,0,0,0,1,	// 6
 0,0,0,0,1,
 0,0,0,0,1,
 0,0,0,0,1,
 0,0,0,0,1,

//
 0,0,0,0,0,	// 1   0 (2345)
 0,0,0,0,0,
 0,0,0,0,0,
 0,0,0,0,0,
 0,0,0,0,0,
 1,0,0,0,0,	// 2
 1,0,0,0,0,
 1,0,0,0,0,
 1,0,0,0,0,
 1,0,0,0,0,
 1,0,0,0,0,	// 3
 1,0,0,0,0,
 1,0,0,0,0,
 1,0,0,0,0,
 1,0,0,0,0,
 0,0,0,0,1,	// 4
 0,0,0,0,1,
 0,0,0,0,1,
 0,0,0,0,1,
 0,0,0,0,1,
 0,0,0,0,1,	// 5
 0,0,0,0,1,
 0,0,0,0,1,
 0,0,0,0,1,
 0,0,0,0,1,
 0,0,0,0,0,	// 6
 0,0,0,0,0,
 0,0,0,0,0,
 0,0,0,0,0,
 0,0,0,0,0,

 0,0,0,0,0,	// 1   1 (2346)
 0,0,0,0,0,
 0,0,0,0,0,
 0,0,0,0,0,
 0,0,0,0,0,
 1,0,0,0,0,	// 2
 1,0,0,0,0,
 1,0,0,0,0,
 1,0,0,0,0,
 1,0,0,0,0,
 1,0,0,0,0,	// 3
 1,0,0,0,0,
 1,0,0,0,0,
 1,0,0,0,0,
 1,0,0,0,0,
 0,0,0,0,1,	// 4
 0,0,0,0,1,
 0,0,0,0,1,
 0,0,0,0,1,
 0,0,0,0,1,
 0,0,0,0,0,	// 5
 0,0,0,0,0,
 0,0,0,0,0,
 0,0,0,0,0,
 0,0,0,0,0,
 0,0,0,0,1,	// 6
 0,0,0,0,1,
 0,0,0,0,1,
 0,0,0,0,1,
 0,0,0,0,1,

 0,0,0,0,0,	// 1   2 (2356)
 0,0,0,0,0,
 0,0,0,0,0,
 0,0,0,0,0,
 0,0,0,0,0,
 1,0,0,0,0,	// 2
 1,0,0,0,0,
 1,0,0,0,0,
 1,0,0,0,0,
 1,0,0,0,0,
 1,0,0,0,0,	// 3
 1,0,0,0,0,
 1,0,0,0,0,
 1,0,0,0,0,
 1,0,0,0,0,
 0,0,0,0,0,	// 4
 0,0,0,0,0,
 0,0,0,0,0,
 0,0,0,0,0,
 0,0,0,0,0,
 0,0,0,0,1,	// 5
 0,0,0,0,1,
 0,0,0,0,1,
 0,0,0,0,1,
 0,0,0,0,1,
 0,0,0,0,1,	// 6
 0,0,0,0,1,
 0,0,0,0,1,
 0,0,0,0,1,
 0,0,0,0,1,


100 };
BYTE SM_629[] = {
 0,0,0,0,0,
 1,1,1,1,1,
 0,0,1,0,0,
 0,0,0,0,0,
 0,0,0,0,0,
100 };
BYTE SM_630[] = {
 0,1,0,0,0,
 0,1,0,0,0,
 0,1,1,0,0,
 0,1,0,0,0,
 0,1,0,0,0,
100 };
BYTE SM_631[] = {
 0,0,0,0,0,
 0,0,0,0,0,
 0,0,1,0,0,
 0,0,0,0,0,
 1,1,1,1,1,
100 };
BYTE SM_632[] = {
 0,0,0,0,0,
 1,1,0,0,0,
 1,1,1,0,0,
 1,1,0,0,0,
 0,0,0,0,0,
100 };
BYTE SM_633[] = {
 0,0,0,0,0,
 1,1,0,0,0,
 1,1,1,0,0,
 0,0,0,0,0,
 0,0,0,0,0,
100 };
BYTE SM_634[] = {
 0,0,0,0,0,
 0,0,0,0,0,
 0,0,1,0,0,
 0,0,0,0,0,
 1,1,1,1,1,
100 };
BYTE SM_635[] = {
 0,0,0,0,0,
 0,0,0,0,0,
 0,0,1,1,1,
 0,0,0,1,1,
 0,0,0,0,0,
100 };

BYTE SM_636[] = {
	1,1,0,0,0, //
	1,1,0,0,0,
	0,0,0,0,0,
	0,0,0,0,0,
	0,0,0,0,0,
	0,0,0,1,1, //
	0,0,0,1,1,
	0,0,0,0,0,
	0,0,0,0,0,
	0,0,0,0,0,
	0,0,0,0,0, //
	0,0,0,0,0,
	0,0,0,0,0,
	0,0,0,1,1,
	0,0,0,1,1,
	0,0,0,0,0, //
	0,0,0,0,0,
	0,0,0,0,0,
	1,1,0,0,0,
	1,1,0,0,0,
	1,0,0,0,0, //
	1,0,0,0,0,
	1,0,0,0,0,
	1,0,0,0,0,
	1,0,0,0,0,
	0,1,0,0,0, //
	0,1,0,0,0,
	0,1,0,0,0,
	0,1,0,0,0,
	0,1,0,0,0,
	0,0,1,0,0, //
	0,0,1,0,0,
	0,0,1,0,0,
	0,0,1,0,0,
	0,0,1,0,0,
	0,0,0,1,0, //
	0,0,0,1,0,
	0,0,0,1,0,
	0,0,0,1,0,
	0,0,0,1,0,
	0,0,0,0,1, //
	0,0,0,0,1,
	0,0,0,0,1,
	0,0,0,0,1,
	0,0,0,0,1,
	1,1,1,1,1, //
	0,0,0,0,0,
	0,0,0,0,0,
	0,0,0,0,0,
	0,0,0,0,0,
	0,0,0,0,0, //
	1,1,1,1,1,
	0,0,0,0,0,
	0,0,0,0,0,
	0,0,0,0,0,
	0,0,0,0,0, //
	0,0,0,0,0,
	1,1,1,1,1,
	0,0,0,0,0,
	0,0,0,0,0,
	0,0,0,0,0, //
	0,0,0,0,0,
	0,0,0,0,0,
	1,1,1,1,1,
	0,0,0,0,0,
	0,0,0,0,0, //
	0,0,0,0,0,
	0,0,0,0,0,
	0,0,0,0,0,
	1,1,1,1,1,
	1,0,0,0,0, //
	0,1,0,0,0,
	0,0,1,0,0,
	0,0,0,1,0,
	0,0,0,0,1,
	0,0,0,0,1, //
	0,0,0,1,0,
	0,0,1,0,0,
	0,1,0,0,0,
	1,0,0,0,0,
	1,1,1,0,0, //
	1,1,1,0,0,
	0,0,0,0,0,
	0,0,0,0,0,
	0,0,0,0,0,
	0,1,1,1,0, //
	0,1,1,1,0,
	0,0,0,0,0,
	0,0,0,0,0,
	0,0,0,0,0,
	0,0,1,1,1, //
	0,0,1,1,1,
	0,0,0,0,0,
	0,0,0,0,0,
	0,0,0,0,0,
	0,0,0,0,0, //
	1,1,1,0,0,
	1,1,1,0,0,
	0,0,0,0,0,
	0,0,0,0,0,
	0,0,0,0,0, //
	0,1,1,1,0,
	0,1,1,1,0,
	0,0,0,0,0,
	0,0,0,0,0,
	0,0,0,0,0, //
	0,0,1,1,1,
	0,0,1,1,1,
	0,0,0,0,0,
	0,0,0,0,0,
	0,0,0,0,0, //
	0,0,0,0,0,
	1,1,1,0,0,
	1,1,1,0,0,
	0,0,0,0,0,
	0,0,0,0,0, //
	0,0,0,0,0,
	0,1,1,1,0,
	0,1,1,1,0,
	0,0,0,0,0,
	0,0,0,0,0, //
	0,0,0,0,0,
	0,0,1,1,1,
	0,0,1,1,1,
	0,0,0,0,0,
	0,0,0,0,0, //
	0,0,0,0,0,
	0,0,0,0,0,
	1,1,1,0,0,
	1,1,1,0,0,
	0,0,0,0,0, //
	0,0,0,0,0,
	0,0,0,0,0,
	0,1,1,1,0,
	0,1,1,1,0,
	0,0,0,0,0, //
	0,0,0,0,0,
	0,0,0,0,0,
	0,0,1,1,1,
	0,0,1,1,1,
	1,1,0,0,0, //
	1,1,0,0,0,
	1,1,0,0,0,
	0,0,0,0,0,
	0,0,0,0,0,
	0,1,1,0,0, //
	0,1,1,0,0,
	0,1,1,0,0,
	0,0,0,0,0,
	0,0,0,0,0,
	0,0,1,1,0, //
	0,0,1,1,0,
	0,0,1,1,0,
	0,0,0,0,0,
	0,0,0,0,0,
	0,0,0,1,1, //
	0,0,0,1,1,
	0,0,0,1,1,
	0,0,0,0,0,
	0,0,0,0,0,
	0,0,0,0,0, //
	1,1,0,0,0,
	1,1,0,0,0,
	1,1,0,0,0,
	0,0,0,0,0,
	0,0,0,0,0, //
	0,1,1,0,0,
	0,1,1,0,0,
	0,1,1,0,0,
	0,0,0,0,0,
	0,0,0,0,0, //
	0,0,1,1,0,
	0,0,1,1,0,
	0,0,1,1,0,
	0,0,0,0,0,
	0,0,0,0,0, //
	0,0,0,1,1,
	0,0,0,1,1,
	0,0,0,1,1,
	0,0,0,0,0,
	0,0,0,0,0, //
	0,0,0,0,0,
	1,1,0,0,0,
	1,1,0,0,0,
	1,1,0,0,0,
	0,0,0,0,0, //
	0,0,0,0,0,
	0,1,1,0,0,
	0,1,1,0,0,
	0,1,1,0,0,
	0,0,0,0,0, //
	0,0,0,0,0,
	0,0,1,1,0,
	0,0,1,1,0,
	0,0,1,1,0,
	0,0,0,0,0, //
	0,0,0,0,0,
	0,0,0,1,1,
	0,0,0,1,1,
	0,0,0,1,1,
100 };

BYTE SM_639[] = {
	1,1,1,0,0, //
	0,0,0,0,0,
	0,0,0,0,0,
	0,0,0,0,0,
	0,0,0,0,0,
	0,1,1,1,0, //
	0,0,0,0,0,
	0,0,0,0,0,
	0,0,0,0,0,
	0,0,0,0,0,
	0,0,1,1,1, //
	0,0,0,0,0,
	0,0,0,0,0,
	0,0,0,0,0,
	0,0,0,0,0,

	0,0,0,0,0, //
	1,1,1,0,0,
	0,0,0,0,0,
	0,0,0,0,0,
	0,0,0,0,0,
	0,0,0,0,0, //
	0,1,1,1,0,
	0,0,0,0,0,
	0,0,0,0,0,
	0,0,0,0,0,
	0,0,0,0,0, //
	0,0,1,1,1,
	0,0,0,0,0,
	0,0,0,0,0,
	0,0,0,0,0,

	0,0,0,0,0, //
	0,0,0,0,0,
	0,0,0,0,0,
	1,1,1,0,0,
	0,0,0,0,0,
	0,0,0,0,0, //
	0,0,0,0,0,
	0,0,0,0,0,
	0,1,1,1,0,
	0,0,0,0,0,
	0,0,0,0,0, //
	0,0,0,0,0,
	0,0,0,0,0,
	0,0,1,1,1,
	0,0,0,0,0,

	0,0,0,0,0, //
	0,0,0,0,0,
	0,0,0,0,0,
	0,0,0,0,0,
	1,1,1,0,0,
	0,0,0,0,0, //
	0,0,0,0,0,
	0,0,0,0,0,
	0,0,0,0,0,
	0,1,1,1,0,
	0,0,0,0,0, //
	0,0,0,0,0,
	0,0,0,0,0,
	0,0,0,0,0,
	0,0,1,1,1,

	1,0,0,0,0, //
	1,0,0,0,0,
	1,0,0,0,0,
	0,0,0,0,0,
	0,0,0,0,0,
	0,0,0,0,0, //
	1,0,0,0,0,
	1,0,0,0,0,
	1,0,0,0,0,
	0,0,0,0,0,
	0,0,0,0,0, //
	0,0,0,0,0,
	1,0,0,0,0,
	1,0,0,0,0,
	1,0,0,0,0,

	0,1,0,0,0, //
	0,1,0,0,0,
	0,1,0,0,0,
	0,0,0,0,0,
	0,0,0,0,0,
	0,0,0,0,0, //
	0,1,0,0,0,
	0,1,0,0,0,
	0,1,0,0,0,
	0,0,0,0,0,
	0,0,0,0,0, //
	0,0,0,0,0,
	0,1,0,0,0,
	0,1,0,0,0,
	0,1,0,0,0,

	0,0,0,1,0, //
	0,0,0,1,0,
	0,0,0,1,0,
	0,0,0,0,0,
	0,0,0,0,0,
	0,0,0,0,0, //
	0,0,0,1,0,
	0,0,0,1,0,
	0,0,0,1,0,
	0,0,0,0,0,
	0,0,0,0,0, //
	0,0,0,0,0,
	0,0,0,1,0,
	0,0,0,1,0,
	0,0,0,1,0,

	0,0,0,0,1, //
	0,0,0,0,1,
	0,0,0,0,1,
	0,0,0,0,0,
	0,0,0,0,0,
	0,0,0,0,0, //
	0,0,0,0,1,
	0,0,0,0,1,
	0,0,0,0,1,
	0,0,0,0,0,
	0,0,0,0,0, //
	0,0,0,0,0,
	0,0,0,0,1,
	0,0,0,0,1,
	0,0,0,0,1,

100 };

BYTE SM_641[] = {
	1,0,0,0,0, //
	1,0,0,0,0,
	1,0,0,0,0,
	1,0,0,0,0,
	1,0,0,0,0,
	0,1,0,0,0, //
	0,1,0,0,0,
	0,1,0,0,0,
	0,1,0,0,0,
	0,1,0,0,0,
	0,0,1,0,0, //
	0,0,1,0,0,
	0,0,1,0,0,
	0,0,1,0,0,
	0,0,1,0,0,
	0,0,0,1,0, //
	0,0,0,1,0,
	0,0,0,1,0,
	0,0,0,1,0,
	0,0,0,1,0,
	0,0,0,0,1, //
	0,0,0,0,1,
	0,0,0,0,1,
	0,0,0,0,1,
	0,0,0,0,1,
	1,1,1,1,1, //
	0,0,0,0,0,
	0,0,0,0,0,
	0,0,0,0,0,
	0,0,0,0,0,
	0,0,0,0,0, //
	1,1,1,1,1,
	0,0,0,0,0,
	0,0,0,0,0,
	0,0,0,0,0,
	0,0,0,0,0, //
	0,0,0,0,0,
	1,1,1,1,1,
	0,0,0,0,0,
	0,0,0,0,0,
	0,0,0,0,0, //
	0,0,0,0,0,
	0,0,0,0,0,
	1,1,1,1,1,
	0,0,0,0,0,
	0,0,0,0,0, //
	0,0,0,0,0,
	0,0,0,0,0,
	0,0,0,0,0,
	1,1,1,1,1,
	1,0,0,0,0, //
	0,1,0,0,0,
	0,0,1,0,0,
	0,0,0,1,0,
	0,0,0,0,1,
	0,0,0,0,1, //
	0,0,0,1,0,
	0,0,1,0,0,
	0,1,0,0,0,
	1,0,0,0,0,
	1,1,0,0,0, //
	1,1,0,0,0,
	0,0,0,0,0,
	0,0,0,0,0,
	0,0,0,0,0,
	0,0,0,1,1, //
	0,0,0,1,1,
	0,0,0,0,0,
	0,0,0,0,0,
	0,0,0,0,0,
	0,0,0,0,0, //
	0,0,0,0,0,
	0,0,0,0,0,
	0,0,0,1,1,
	0,0,0,1,1,
	0,0,0,0,0, //
	0,0,0,0,0,
	0,0,0,0,0,
	1,1,0,0,0,
	1,1,0,0,0,
	1,0,0,0,1, //
	0,0,0,0,0,
	0,0,0,0,0,
	0,0,0,0,0,
	1,0,0,0,1,
	0,0,0,0,0, //
	0,1,0,1,0,
	0,0,0,0,0,
	0,1,0,1,0,
	0,0,0,0,0,
	1,1,1,0,0, //
	1,1,1,0,0,
	0,0,0,0,0,
	0,0,0,0,0,
	0,0,0,0,0,
	0,1,1,1,0, //
	0,1,1,1,0,
	0,0,0,0,0,
	0,0,0,0,0,
	0,0,0,0,0,
	0,0,1,1,1, //
	0,0,1,1,1,
	0,0,0,0,0,
	0,0,0,0,0,
	0,0,0,0,0,
	0,0,0,0,0, //
	1,1,1,0,0,
	1,1,1,0,0,
	0,0,0,0,0,
	0,0,0,0,0,
	0,0,0,0,0, //
	0,1,1,1,0,
	0,1,1,1,0,
	0,0,0,0,0,
	0,0,0,0,0,
	0,0,0,0,0, //
	0,0,1,1,1,
	0,0,1,1,1,
	0,0,0,0,0,
	0,0,0,0,0,
	0,0,0,0,0, //
	0,0,0,0,0,
	1,1,1,0,0,
	1,1,1,0,0,
	0,0,0,0,0,
	0,0,0,0,0, //
	0,0,0,0,0,
	0,1,1,1,0,
	0,1,1,1,0,
	0,0,0,0,0,
	0,0,0,0,0, //
	0,0,0,0,0,
	0,0,1,1,1,
	0,0,1,1,1,
	0,0,0,0,0,
	0,0,0,0,0, //
	0,0,0,0,0,
	0,0,0,0,0,
	1,1,1,0,0,
	1,1,1,0,0,
	0,0,0,0,0, //
	0,0,0,0,0,
	0,0,0,0,0,
	0,1,1,1,0,
	0,1,1,1,0,
	0,0,0,0,0, //
	0,0,0,0,0,
	0,0,0,0,0,
	0,0,1,1,1,
	0,0,1,1,1,
	1,1,0,0,0, //
	1,1,0,0,0,
	1,1,0,0,0,
	0,0,0,0,0,
	0,0,0,0,0,
	0,1,1,0,0, //
	0,1,1,0,0,
	0,1,1,0,0,
	0,0,0,0,0,
	0,0,0,0,0,
	0,0,1,1,0, //
	0,0,1,1,0,
	0,0,1,1,0,
	0,0,0,0,0,
	0,0,0,0,0,
	0,0,0,1,1, //
	0,0,0,1,1,
	0,0,0,1,1,
	0,0,0,0,0,
	0,0,0,0,0,
	0,0,0,0,0, //
	1,1,0,0,0,
	1,1,0,0,0,
	1,1,0,0,0,
	0,0,0,0,0,
	0,0,0,0,0, //
	0,1,1,0,0,
	0,1,1,0,0,
	0,1,1,0,0,
	0,0,0,0,0,
	0,0,0,0,0, //
	0,0,1,1,0,
	0,0,1,1,0,
	0,0,1,1,0,
	0,0,0,0,0,
	0,0,0,0,0, //
	0,0,0,1,1,
	0,0,0,1,1,
	0,0,0,1,1,
	0,0,0,0,0,
	0,0,0,0,0, //
	0,0,0,0,0,
	1,1,0,0,0,
	1,1,0,0,0,
	1,1,0,0,0,
	0,0,0,0,0, //
	0,0,0,0,0,
	0,1,1,0,0,
	0,1,1,0,0,
	0,1,1,0,0,
	0,0,0,0,0, //
	0,0,0,0,0,
	0,0,1,1,0,
	0,0,1,1,0,
	0,0,1,1,0,
	0,0,0,0,0, //
	0,0,0,0,0,
	0,0,0,1,1,
	0,0,0,1,1,
	0,0,0,1,1,
100 };

BYTE SM_638a[] = {
	0,0,0,0,0, //
	1,1,1,0,0,
	1,1,1,0,0,
	0,0,0,0,0,
	0,0,0,0,0,
	0,0,0,0,0, //
	0,1,1,1,0,
	0,1,1,1,0,
	0,0,0,0,0,
	0,0,0,0,0,
	0,0,0,0,0, //
	0,0,1,1,1,
	0,0,1,1,1,
	0,0,0,0,0,
	0,0,0,0,0,
	0,0,0,0,0, //
	0,0,0,0,0,
	1,1,1,0,0,
	1,1,1,0,0,
	0,0,0,0,0,
	0,0,0,0,0, //
	0,0,0,0,0,
	0,1,1,1,0,
	0,1,1,1,0,
	0,0,0,0,0,
	0,0,0,0,0, //
	0,0,0,0,0,
	0,0,1,1,1,
	0,0,1,1,1,
	0,0,0,0,0,

	0,1,1,0,0, //
	0,1,1,0,0,
	0,1,1,0,0,
	0,0,0,0,0,
	0,0,0,0,0,
	0,0,0,0,0, //
	0,1,1,0,0,
	0,1,1,0,0,
	0,1,1,0,0,
	0,0,0,0,0,
	0,0,0,0,0, //
	0,0,0,0,0,
	0,1,1,0,0,
	0,1,1,0,0,
	0,1,1,0,0,
	0,0,1,1,0, //
	0,0,1,1,0,
	0,0,1,1,0,
	0,0,0,0,0,
	0,0,0,0,0,
	0,0,0,0,0, //
	0,0,1,1,0,
	0,0,1,1,0,
	0,0,1,1,0,
	0,0,0,0,0,
	0,0,0,0,0, //
	0,0,0,0,0,
	0,0,1,1,0,
	0,0,1,1,0,
	0,0,1,1,0,

100 };

MULTILIST SM_638[] = {
 { hard_6pack, 1 } ,
 { SM_638a, 1 } ,
 { 0, 0 } ,
};

#if 0
 0,0,0,0,0, /////
 0,0,0,0,0,
 0,0,0,0,0,
 0,0,0,0,0,
 0,0,0,0,0,
 0,0,0,0,0, // 1
 0,0,0,0,0,
 0,0,0,0,0,
 0,0,0,0,0,
 0,0,0,0,0,
 0,0,0,0,0, // 2
 0,0,0,0,0,
 0,0,0,0,0,
 0,0,0,0,0,
 0,0,0,0,0,
 0,0,0,0,0, // 3
 0,0,0,0,0,
 0,0,0,0,0,
 0,0,0,0,0,
 0,0,0,0,0,
 0,0,0,0,0, // 4
 0,0,0,0,0,
 0,0,0,0,0,
 0,0,0,0,0,
 0,0,0,0,0,
 0,0,0,0,0, // 5
 0,0,0,0,0,
 0,0,0,0,0,
 0,0,0,0,0,
 0,0,0,0,0,
#endif

BYTE SM_691[] = {
// vert 0-1
 1,0,0,0,0, /////
 1,0,0,0,0,
 1,0,0,0,0,
 1,0,0,0,0,
 1,0,0,0,0,
 1,0,0,0,0, //
 1,0,0,0,0,
 1,0,0,0,0,
 1,0,0,0,0,
 1,0,0,0,0,
 0,0,0,0,0, //
 0,0,0,0,0,
 0,0,0,0,0,
 0,0,0,0,0,
 0,0,0,0,0,
 0,0,0,0,0, //
 0,0,0,0,0,
 0,0,0,0,0,
 0,0,0,0,0,
 0,0,0,0,0,
 0,0,0,0,0, //
 0,0,0,0,0,
 0,0,0,0,0,
 0,0,0,0,0,
 0,0,0,0,0,
 0,0,0,0,0, //
 0,0,0,0,0,
 0,0,0,0,0,
 0,0,0,0,0,
 0,0,0,0,0,
 0,1,0,0,0, /////
 0,1,0,0,0,
 0,1,0,0,0,
 0,1,0,0,0,
 0,1,0,0,0,
 0,1,0,0,0, //
 0,1,0,0,0,
 0,1,0,0,0,
 0,1,0,0,0,
 0,1,0,0,0,
 0,0,0,0,0, //
 0,0,0,0,0,
 0,0,0,0,0,
 0,0,0,0,0,
 0,0,0,0,0,
 0,0,0,0,0, //
 0,0,0,0,0,
 0,0,0,0,0,
 0,0,0,0,0,
 0,0,0,0,0,
 0,0,0,0,0, //
 0,0,0,0,0,
 0,0,0,0,0,
 0,0,0,0,0,
 0,0,0,0,0,
 0,0,0,0,0, //
 0,0,0,0,0,
 0,0,0,0,0,
 0,0,0,0,0,
 0,0,0,0,0,
 0,0,1,0,0, /////
 0,0,1,0,0,
 0,0,1,0,0,
 0,0,1,0,0,
 0,0,1,0,0,
 0,0,1,0,0, //
 0,0,1,0,0,
 0,0,1,0,0,
 0,0,1,0,0,
 0,0,1,0,0,
 0,0,0,0,0, //
 0,0,0,0,0,
 0,0,0,0,0,
 0,0,0,0,0,
 0,0,0,0,0,
 0,0,0,0,0, //
 0,0,0,0,0,
 0,0,0,0,0,
 0,0,0,0,0,
 0,0,0,0,0,
 0,0,0,0,0, //
 0,0,0,0,0,
 0,0,0,0,0,
 0,0,0,0,0,
 0,0,0,0,0,
 0,0,0,0,0, //
 0,0,0,0,0,
 0,0,0,0,0,
 0,0,0,0,0,
 0,0,0,0,0,
 0,0,0,1,0, /////
 0,0,0,1,0,
 0,0,0,1,0,
 0,0,0,1,0,
 0,0,0,1,0,
 0,0,0,1,0, //
 0,0,0,1,0,
 0,0,0,1,0,
 0,0,0,1,0,
 0,0,0,1,0,
 0,0,0,0,0, //
 0,0,0,0,0,
 0,0,0,0,0,
 0,0,0,0,0,
 0,0,0,0,0,
 0,0,0,0,0, //
 0,0,0,0,0,
 0,0,0,0,0,
 0,0,0,0,0,
 0,0,0,0,0,
 0,0,0,0,0, //
 0,0,0,0,0,
 0,0,0,0,0,
 0,0,0,0,0,
 0,0,0,0,0,
 0,0,0,0,0, //
 0,0,0,0,0,
 0,0,0,0,0,
 0,0,0,0,0,
 0,0,0,0,0,
 0,0,0,0,1, /////
 0,0,0,0,1,
 0,0,0,0,1,
 0,0,0,0,1,
 0,0,0,0,1,
 0,0,0,0,1, //
 0,0,0,0,1,
 0,0,0,0,1,
 0,0,0,0,1,
 0,0,0,0,1,
 0,0,0,0,0, //
 0,0,0,0,0,
 0,0,0,0,0,
 0,0,0,0,0,
 0,0,0,0,0,
 0,0,0,0,0, //
 0,0,0,0,0,
 0,0,0,0,0,
 0,0,0,0,0,
 0,0,0,0,0,
 0,0,0,0,0, //
 0,0,0,0,0,
 0,0,0,0,0,
 0,0,0,0,0,
 0,0,0,0,0,
 0,0,0,0,0, //
 0,0,0,0,0,
 0,0,0,0,0,
 0,0,0,0,0,
 0,0,0,0,0,
// vert 2-3
 0,0,0,0,0, /////
 0,0,0,0,0,
 0,0,0,0,0,
 0,0,0,0,0,
 0,0,0,0,0,
 0,0,0,0,0, // 1
 0,0,0,0,0,
 0,0,0,0,0,
 0,0,0,0,0,
 0,0,0,0,0,
 1,0,0,0,0, // 2
 1,0,0,0,0,
 1,0,0,0,0,
 1,0,0,0,0,
 1,0,0,0,0,
 1,0,0,0,0, // 3
 1,0,0,0,0,
 1,0,0,0,0,
 1,0,0,0,0,
 1,0,0,0,0,
 0,0,0,0,0, // 4
 0,0,0,0,0,
 0,0,0,0,0,
 0,0,0,0,0,
 0,0,0,0,0,
 0,0,0,0,0, // 5
 0,0,0,0,0,
 0,0,0,0,0,
 0,0,0,0,0,
 0,0,0,0,0,
 0,0,0,0,0, /////
 0,0,0,0,0,
 0,0,0,0,0,
 0,0,0,0,0,
 0,0,0,0,0,
 0,0,0,0,0, // 1
 0,0,0,0,0,
 0,0,0,0,0,
 0,0,0,0,0,
 0,0,0,0,0,
 0,1,0,0,0, // 2
 0,1,0,0,0,
 0,1,0,0,0,
 0,1,0,0,0,
 0,1,0,0,0,
 0,1,0,0,0, // 3
 0,1,0,0,0,
 0,1,0,0,0,
 0,1,0,0,0,
 0,1,0,0,0,
 0,0,0,0,0, // 4
 0,0,0,0,0,
 0,0,0,0,0,
 0,0,0,0,0,
 0,0,0,0,0,
 0,0,0,0,0, // 5
 0,0,0,0,0,
 0,0,0,0,0,
 0,0,0,0,0,
 0,0,0,0,0,
 0,0,0,0,0, /////
 0,0,0,0,0,
 0,0,0,0,0,
 0,0,0,0,0,
 0,0,0,0,0,
 0,0,0,0,0, // 1
 0,0,0,0,0,
 0,0,0,0,0,
 0,0,0,0,0,
 0,0,0,0,0,
 0,0,1,0,0, // 2
 0,0,1,0,0,
 0,0,1,0,0,
 0,0,1,0,0,
 0,0,1,0,0,
 0,0,1,0,0, // 3
 0,0,1,0,0,
 0,0,1,0,0,
 0,0,1,0,0,
 0,0,1,0,0,
 0,0,0,0,0, // 4
 0,0,0,0,0,
 0,0,0,0,0,
 0,0,0,0,0,
 0,0,0,0,0,
 0,0,0,0,0, // 5
 0,0,0,0,0,
 0,0,0,0,0,
 0,0,0,0,0,
 0,0,0,0,0,
 0,0,0,0,0, /////
 0,0,0,0,0,
 0,0,0,0,0,
 0,0,0,0,0,
 0,0,0,0,0,
 0,0,0,0,0, // 1
 0,0,0,0,0,
 0,0,0,0,0,
 0,0,0,0,0,
 0,0,0,0,0,
 0,0,0,1,0, // 2
 0,0,0,1,0,
 0,0,0,1,0,
 0,0,0,1,0,
 0,0,0,1,0,
 0,0,0,1,0, // 3
 0,0,0,1,0,
 0,0,0,1,0,
 0,0,0,1,0,
 0,0,0,1,0,
 0,0,0,0,0, // 4
 0,0,0,0,0,
 0,0,0,0,0,
 0,0,0,0,0,
 0,0,0,0,0,
 0,0,0,0,0, // 5
 0,0,0,0,0,
 0,0,0,0,0,
 0,0,0,0,0,
 0,0,0,0,0,
 0,0,0,0,0, /////
 0,0,0,0,0,
 0,0,0,0,0,
 0,0,0,0,0,
 0,0,0,0,0,
 0,0,0,0,0, // 1
 0,0,0,0,0,
 0,0,0,0,0,
 0,0,0,0,0,
 0,0,0,0,0,
 0,0,0,0,1, // 2
 0,0,0,0,1,
 0,0,0,0,1,
 0,0,0,0,1,
 0,0,0,0,1,
 0,0,0,0,1, // 3
 0,0,0,0,1,
 0,0,0,0,1,
 0,0,0,0,1,
 0,0,0,0,1,
 0,0,0,0,0, // 4
 0,0,0,0,0,
 0,0,0,0,0,
 0,0,0,0,0,
 0,0,0,0,0,
 0,0,0,0,0, // 5
 0,0,0,0,0,
 0,0,0,0,0,
 0,0,0,0,0,
 0,0,0,0,0,
// vert 4-5
 0,0,0,0,0, /////
 0,0,0,0,0,
 0,0,0,0,0,
 0,0,0,0,0,
 0,0,0,0,0,
 0,0,0,0,0, // 1
 0,0,0,0,0,
 0,0,0,0,0,
 0,0,0,0,0,
 0,0,0,0,0,
 0,0,0,0,0, // 2
 0,0,0,0,0,
 0,0,0,0,0,
 0,0,0,0,0,
 0,0,0,0,0,
 0,0,0,0,0, // 3
 0,0,0,0,0,
 0,0,0,0,0,
 0,0,0,0,0,
 0,0,0,0,0,
 1,0,0,0,0, // 4
 1,0,0,0,0,
 1,0,0,0,0,
 1,0,0,0,0,
 1,0,0,0,0,
 1,0,0,0,0, // 5
 1,0,0,0,0,
 1,0,0,0,0,
 1,0,0,0,0,
 1,0,0,0,0,
 0,0,0,0,0, /////
 0,0,0,0,0,
 0,0,0,0,0,
 0,0,0,0,0,
 0,0,0,0,0,
 0,0,0,0,0, // 1
 0,0,0,0,0,
 0,0,0,0,0,
 0,0,0,0,0,
 0,0,0,0,0,
 0,0,0,0,0, // 2
 0,0,0,0,0,
 0,0,0,0,0,
 0,0,0,0,0,
 0,0,0,0,0,
 0,0,0,0,0, // 3
 0,0,0,0,0,
 0,0,0,0,0,
 0,0,0,0,0,
 0,0,0,0,0,
 0,1,0,0,0, // 4
 0,1,0,0,0,
 0,1,0,0,0,
 0,1,0,0,0,
 0,1,0,0,0,
 0,1,0,0,0, // 5
 0,1,0,0,0,
 0,1,0,0,0,
 0,1,0,0,0,
 0,1,0,0,0,
 0,0,0,0,0, /////
 0,0,0,0,0,
 0,0,0,0,0,
 0,0,0,0,0,
 0,0,0,0,0,
 0,0,0,0,0, // 1
 0,0,0,0,0,
 0,0,0,0,0,
 0,0,0,0,0,
 0,0,0,0,0,
 0,0,0,0,0, // 2
 0,0,0,0,0,
 0,0,0,0,0,
 0,0,0,0,0,
 0,0,0,0,0,
 0,0,0,0,0, // 3
 0,0,0,0,0,
 0,0,0,0,0,
 0,0,0,0,0,
 0,0,0,0,0,
 0,0,1,0,0, // 4
 0,0,1,0,0,
 0,0,1,0,0,
 0,0,1,0,0,
 0,0,1,0,0,
 0,0,1,0,0, // 5
 0,0,1,0,0,
 0,0,1,0,0,
 0,0,1,0,0,
 0,0,1,0,0,
 0,0,0,0,0, /////
 0,0,0,0,0,
 0,0,0,0,0,
 0,0,0,0,0,
 0,0,0,0,0,
 0,0,0,0,0, // 1
 0,0,0,0,0,
 0,0,0,0,0,
 0,0,0,0,0,
 0,0,0,0,0,
 0,0,0,0,0, // 2
 0,0,0,0,0,
 0,0,0,0,0,
 0,0,0,0,0,
 0,0,0,0,0,
 0,0,0,0,0, // 3
 0,0,0,0,0,
 0,0,0,0,0,
 0,0,0,0,0,
 0,0,0,0,0,
 0,0,0,1,0, // 4
 0,0,0,1,0,
 0,0,0,1,0,
 0,0,0,1,0,
 0,0,0,1,0,
 0,0,0,1,0, // 5
 0,0,0,1,0,
 0,0,0,1,0,
 0,0,0,1,0,
 0,0,0,1,0,
 0,0,0,0,0, /////
 0,0,0,0,0,
 0,0,0,0,0,
 0,0,0,0,0,
 0,0,0,0,0,
 0,0,0,0,0, // 1
 0,0,0,0,0,
 0,0,0,0,0,
 0,0,0,0,0,
 0,0,0,0,0,
 0,0,0,0,0, // 2
 0,0,0,0,0,
 0,0,0,0,0,
 0,0,0,0,0,
 0,0,0,0,0,
 0,0,0,0,0, // 3
 0,0,0,0,0,
 0,0,0,0,0,
 0,0,0,0,0,
 0,0,0,0,0,
 0,0,0,0,1, // 4
 0,0,0,0,1,
 0,0,0,0,1,
 0,0,0,0,1,
 0,0,0,0,1,
 0,0,0,0,1, // 5
 0,0,0,0,1,
 0,0,0,0,1,
 0,0,0,0,1,
 0,0,0,0,1,
// horz 0-2
 1,1,1,1,1, /////
 0,0,0,0,0,
 0,0,0,0,0,
 0,0,0,0,0,
 0,0,0,0,0,
 0,0,0,0,0, // 1
 0,0,0,0,0,
 0,0,0,0,0,
 0,0,0,0,0,
 0,0,0,0,0,
 1,1,1,1,1, // 2
 0,0,0,0,0,
 0,0,0,0,0,
 0,0,0,0,0,
 0,0,0,0,0,
 0,0,0,0,0, // 3
 0,0,0,0,0,
 0,0,0,0,0,
 0,0,0,0,0,
 0,0,0,0,0,
 0,0,0,0,0, // 4
 0,0,0,0,0,
 0,0,0,0,0,
 0,0,0,0,0,
 0,0,0,0,0,
 0,0,0,0,0, // 5
 0,0,0,0,0,
 0,0,0,0,0,
 0,0,0,0,0,
 0,0,0,0,0,
 0,0,0,0,0, /////
 1,1,1,1,1,
 0,0,0,0,0,
 0,0,0,0,0,
 0,0,0,0,0,
 0,0,0,0,0, // 1
 0,0,0,0,0,
 0,0,0,0,0,
 0,0,0,0,0,
 0,0,0,0,0,
 0,0,0,0,0, // 2
 1,1,1,1,1,
 0,0,0,0,0,
 0,0,0,0,0,
 0,0,0,0,0,
 0,0,0,0,0, // 3
 0,0,0,0,0,
 0,0,0,0,0,
 0,0,0,0,0,
 0,0,0,0,0,
 0,0,0,0,0, // 4
 0,0,0,0,0,
 0,0,0,0,0,
 0,0,0,0,0,
 0,0,0,0,0,
 0,0,0,0,0, // 5
 0,0,0,0,0,
 0,0,0,0,0,
 0,0,0,0,0,
 0,0,0,0,0,
 0,0,0,0,0, /////
 0,0,0,0,0,
 1,1,1,1,1,
 0,0,0,0,0,
 0,0,0,0,0,
 0,0,0,0,0, // 1
 0,0,0,0,0,
 0,0,0,0,0,
 0,0,0,0,0,
 0,0,0,0,0,
 0,0,0,0,0, // 2
 0,0,0,0,0,
 1,1,1,1,1,
 0,0,0,0,0,
 0,0,0,0,0,
 0,0,0,0,0, // 3
 0,0,0,0,0,
 0,0,0,0,0,
 0,0,0,0,0,
 0,0,0,0,0,
 0,0,0,0,0, // 4
 0,0,0,0,0,
 0,0,0,0,0,
 0,0,0,0,0,
 0,0,0,0,0,
 0,0,0,0,0, // 5
 0,0,0,0,0,
 0,0,0,0,0,
 0,0,0,0,0,
 0,0,0,0,0,
 0,0,0,0,0, /////
 0,0,0,0,0,
 0,0,0,0,0,
 1,1,1,1,1,
 0,0,0,0,0,
 0,0,0,0,0, // 1
 0,0,0,0,0,
 0,0,0,0,0,
 0,0,0,0,0,
 0,0,0,0,0,
 0,0,0,0,0, // 2
 0,0,0,0,0,
 0,0,0,0,0,
 1,1,1,1,1,
 0,0,0,0,0,
 0,0,0,0,0, // 3
 0,0,0,0,0,
 0,0,0,0,0,
 0,0,0,0,0,
 0,0,0,0,0,
 0,0,0,0,0, // 4
 0,0,0,0,0,
 0,0,0,0,0,
 0,0,0,0,0,
 0,0,0,0,0,
 0,0,0,0,0, // 5
 0,0,0,0,0,
 0,0,0,0,0,
 0,0,0,0,0,
 0,0,0,0,0,
 0,0,0,0,0, /////
 0,0,0,0,0,
 0,0,0,0,0,
 0,0,0,0,0,
 1,1,1,1,1,
 0,0,0,0,0, // 1
 0,0,0,0,0,
 0,0,0,0,0,
 0,0,0,0,0,
 0,0,0,0,0,
 0,0,0,0,0, // 2
 0,0,0,0,0,
 0,0,0,0,0,
 0,0,0,0,0,
 1,1,1,1,1,
 0,0,0,0,0, // 3
 0,0,0,0,0,
 0,0,0,0,0,
 0,0,0,0,0,
 0,0,0,0,0,
 0,0,0,0,0, // 4
 0,0,0,0,0,
 0,0,0,0,0,
 0,0,0,0,0,
 0,0,0,0,0,
 0,0,0,0,0, // 5
 0,0,0,0,0,
 0,0,0,0,0,
 0,0,0,0,0,
 0,0,0,0,0,
// horz 1-3
 0,0,0,0,0, /////
 0,0,0,0,0,
 0,0,0,0,0,
 0,0,0,0,0,
 0,0,0,0,0,
 1,1,1,1,1, // 1
 0,0,0,0,0,
 0,0,0,0,0,
 0,0,0,0,0,
 0,0,0,0,0,
 0,0,0,0,0, // 2
 0,0,0,0,0,
 0,0,0,0,0,
 0,0,0,0,0,
 0,0,0,0,0,
 1,1,1,1,1, // 3
 0,0,0,0,0,
 0,0,0,0,0,
 0,0,0,0,0,
 0,0,0,0,0,
 0,0,0,0,0, // 4
 0,0,0,0,0,
 0,0,0,0,0,
 0,0,0,0,0,
 0,0,0,0,0,
 0,0,0,0,0, // 5
 0,0,0,0,0,
 0,0,0,0,0,
 0,0,0,0,0,
 0,0,0,0,0,
 0,0,0,0,0, /////
 0,0,0,0,0,
 0,0,0,0,0,
 0,0,0,0,0,
 0,0,0,0,0,
 0,0,0,0,0, // 1
 1,1,1,1,1,
 0,0,0,0,0,
 0,0,0,0,0,
 0,0,0,0,0,
 0,0,0,0,0, // 2
 0,0,0,0,0,
 0,0,0,0,0,
 0,0,0,0,0,
 0,0,0,0,0,
 0,0,0,0,0, // 3
 1,1,1,1,1,
 0,0,0,0,0,
 0,0,0,0,0,
 0,0,0,0,0,
 0,0,0,0,0, // 4
 0,0,0,0,0,
 0,0,0,0,0,
 0,0,0,0,0,
 0,0,0,0,0,
 0,0,0,0,0, // 5
 0,0,0,0,0,
 0,0,0,0,0,
 0,0,0,0,0,
 0,0,0,0,0,
 0,0,0,0,0, /////
 0,0,0,0,0,
 0,0,0,0,0,
 0,0,0,0,0,
 0,0,0,0,0,
 0,0,0,0,0, // 1
 0,0,0,0,0,
 1,1,1,1,1,
 0,0,0,0,0,
 0,0,0,0,0,
 0,0,0,0,0, // 2
 0,0,0,0,0,
 0,0,0,0,0,
 0,0,0,0,0,
 0,0,0,0,0,
 0,0,0,0,0, // 3
 0,0,0,0,0,
 1,1,1,1,1,
 0,0,0,0,0,
 0,0,0,0,0,
 0,0,0,0,0, // 4
 0,0,0,0,0,
 0,0,0,0,0,
 0,0,0,0,0,
 0,0,0,0,0,
 0,0,0,0,0, // 5
 0,0,0,0,0,
 0,0,0,0,0,
 0,0,0,0,0,
 0,0,0,0,0,
 0,0,0,0,0, /////
 0,0,0,0,0,
 0,0,0,0,0,
 0,0,0,0,0,
 0,0,0,0,0,
 0,0,0,0,0, // 1
 0,0,0,0,0,
 0,0,0,0,0,
 1,1,1,1,1,
 0,0,0,0,0,
 0,0,0,0,0, // 2
 0,0,0,0,0,
 0,0,0,0,0,
 0,0,0,0,0,
 0,0,0,0,0,
 0,0,0,0,0, // 3
 0,0,0,0,0,
 0,0,0,0,0,
 1,1,1,1,1,
 0,0,0,0,0,
 0,0,0,0,0, // 4
 0,0,0,0,0,
 0,0,0,0,0,
 0,0,0,0,0,
 0,0,0,0,0,
 0,0,0,0,0, // 5
 0,0,0,0,0,
 0,0,0,0,0,
 0,0,0,0,0,
 0,0,0,0,0,
 0,0,0,0,0, /////
 0,0,0,0,0,
 0,0,0,0,0,
 0,0,0,0,0,
 0,0,0,0,0,
 0,0,0,0,0, // 1
 0,0,0,0,0,
 0,0,0,0,0,
 0,0,0,0,0,
 1,1,1,1,1,
 0,0,0,0,0, // 2
 0,0,0,0,0,
 0,0,0,0,0,
 0,0,0,0,0,
 0,0,0,0,0,
 0,0,0,0,0, // 3
 0,0,0,0,0,
 0,0,0,0,0,
 0,0,0,0,0,
 1,1,1,1,1,
 0,0,0,0,0, // 4
 0,0,0,0,0,
 0,0,0,0,0,
 0,0,0,0,0,
 0,0,0,0,0,
 0,0,0,0,0, // 5
 0,0,0,0,0,
 0,0,0,0,0,
 0,0,0,0,0,
 0,0,0,0,0,
// horz 2-4
 0,0,0,0,0, /////
 0,0,0,0,0,
 0,0,0,0,0,
 0,0,0,0,0,
 0,0,0,0,0,
 0,0,0,0,0, // 1
 0,0,0,0,0,
 0,0,0,0,0,
 0,0,0,0,0,
 0,0,0,0,0,
 1,1,1,1,1, // 2
 0,0,0,0,0,
 0,0,0,0,0,
 0,0,0,0,0,
 0,0,0,0,0,
 0,0,0,0,0, // 3
 0,0,0,0,0,
 0,0,0,0,0,
 0,0,0,0,0,
 0,0,0,0,0,
 1,1,1,1,1, // 4
 0,0,0,0,0,
 0,0,0,0,0,
 0,0,0,0,0,
 0,0,0,0,0,
 0,0,0,0,0, // 5
 0,0,0,0,0,
 0,0,0,0,0,
 0,0,0,0,0,
 0,0,0,0,0,
 0,0,0,0,0, /////
 0,0,0,0,0,
 0,0,0,0,0,
 0,0,0,0,0,
 0,0,0,0,0,
 0,0,0,0,0, // 1
 0,0,0,0,0,
 0,0,0,0,0,
 0,0,0,0,0,
 0,0,0,0,0,
 0,0,0,0,0, // 2
 1,1,1,1,1,
 0,0,0,0,0,
 0,0,0,0,0,
 0,0,0,0,0,
 0,0,0,0,0, // 3
 0,0,0,0,0,
 0,0,0,0,0,
 0,0,0,0,0,
 0,0,0,0,0,
 0,0,0,0,0, // 4
 1,1,1,1,1,
 0,0,0,0,0,
 0,0,0,0,0,
 0,0,0,0,0,
 0,0,0,0,0, // 5
 0,0,0,0,0,
 0,0,0,0,0,
 0,0,0,0,0,
 0,0,0,0,0,
 0,0,0,0,0, /////
 0,0,0,0,0,
 0,0,0,0,0,
 0,0,0,0,0,
 0,0,0,0,0,
 0,0,0,0,0, // 1
 0,0,0,0,0,
 0,0,0,0,0,
 0,0,0,0,0,
 0,0,0,0,0,
 0,0,0,0,0, // 2
 0,0,0,0,0,
 1,1,1,1,1,
 0,0,0,0,0,
 0,0,0,0,0,
 0,0,0,0,0, // 3
 0,0,0,0,0,
 0,0,0,0,0,
 0,0,0,0,0,
 0,0,0,0,0,
 0,0,0,0,0, // 4
 0,0,0,0,0,
 1,1,1,1,1,
 0,0,0,0,0,
 0,0,0,0,0,
 0,0,0,0,0, // 5
 0,0,0,0,0,
 0,0,0,0,0,
 0,0,0,0,0,
 0,0,0,0,0,
 0,0,0,0,0, /////
 0,0,0,0,0,
 0,0,0,0,0,
 0,0,0,0,0,
 0,0,0,0,0,
 0,0,0,0,0, // 1
 0,0,0,0,0,
 0,0,0,0,0,
 0,0,0,0,0,
 0,0,0,0,0,
 0,0,0,0,0, // 2
 0,0,0,0,0,
 0,0,0,0,0,
 1,1,1,1,1,
 0,0,0,0,0,
 0,0,0,0,0, // 3
 0,0,0,0,0,
 0,0,0,0,0,
 0,0,0,0,0,
 0,0,0,0,0,
 0,0,0,0,0, // 4
 0,0,0,0,0,
 0,0,0,0,0,
 1,1,1,1,1,
 0,0,0,0,0,
 0,0,0,0,0, // 5
 0,0,0,0,0,
 0,0,0,0,0,
 0,0,0,0,0,
 0,0,0,0,0,
 0,0,0,0,0, /////
 0,0,0,0,0,
 0,0,0,0,0,
 0,0,0,0,0,
 0,0,0,0,0,
 0,0,0,0,0, // 1
 0,0,0,0,0,
 0,0,0,0,0,
 0,0,0,0,0,
 0,0,0,0,0,
 0,0,0,0,0, // 2
 0,0,0,0,0,
 0,0,0,0,0,
 0,0,0,0,0,
 1,1,1,1,1,
 0,0,0,0,0, // 3
 0,0,0,0,0,
 0,0,0,0,0,
 0,0,0,0,0,
 0,0,0,0,0,
 0,0,0,0,0, // 4
 0,0,0,0,0,
 0,0,0,0,0,
 0,0,0,0,0,
 1,1,1,1,1,
 0,0,0,0,0, // 5
 0,0,0,0,0,
 0,0,0,0,0,
 0,0,0,0,0,
 0,0,0,0,0,
// horz 3-5
 0,0,0,0,0, /////
 0,0,0,0,0,
 0,0,0,0,0,
 0,0,0,0,0,
 0,0,0,0,0,
 0,0,0,0,0, // 1
 0,0,0,0,0,
 0,0,0,0,0,
 0,0,0,0,0,
 0,0,0,0,0,
 0,0,0,0,0, // 2
 0,0,0,0,0,
 0,0,0,0,0,
 0,0,0,0,0,
 0,0,0,0,0,
 1,1,1,1,1, // 3
 0,0,0,0,0,
 0,0,0,0,0,
 0,0,0,0,0,
 0,0,0,0,0,
 0,0,0,0,0, // 4
 0,0,0,0,0,
 0,0,0,0,0,
 0,0,0,0,0,
 0,0,0,0,0,
 1,1,1,1,1, // 5
 0,0,0,0,0,
 0,0,0,0,0,
 0,0,0,0,0,
 0,0,0,0,0,
 0,0,0,0,0, /////
 0,0,0,0,0,
 0,0,0,0,0,
 0,0,0,0,0,
 0,0,0,0,0,
 0,0,0,0,0, // 1
 0,0,0,0,0,
 0,0,0,0,0,
 0,0,0,0,0,
 0,0,0,0,0,
 0,0,0,0,0, // 2
 0,0,0,0,0,
 0,0,0,0,0,
 0,0,0,0,0,
 0,0,0,0,0,
 0,0,0,0,0, // 3
 1,1,1,1,1,
 0,0,0,0,0,
 0,0,0,0,0,
 0,0,0,0,0,
 0,0,0,0,0, // 4
 0,0,0,0,0,
 0,0,0,0,0,
 0,0,0,0,0,
 0,0,0,0,0,
 0,0,0,0,0, // 5
 1,1,1,1,1,
 0,0,0,0,0,
 0,0,0,0,0,
 0,0,0,0,0,
 0,0,0,0,0, /////
 0,0,0,0,0,
 0,0,0,0,0,
 0,0,0,0,0,
 0,0,0,0,0,
 0,0,0,0,0, // 1
 0,0,0,0,0,
 0,0,0,0,0,
 0,0,0,0,0,
 0,0,0,0,0,
 0,0,0,0,0, // 2
 0,0,0,0,0,
 0,0,0,0,0,
 0,0,0,0,0,
 0,0,0,0,0,
 0,0,0,0,0, // 3
 0,0,0,0,0,
 1,1,1,1,1,
 0,0,0,0,0,
 0,0,0,0,0,
 0,0,0,0,0, // 4
 0,0,0,0,0,
 0,0,0,0,0,
 0,0,0,0,0,
 0,0,0,0,0,
 0,0,0,0,0, // 5
 0,0,0,0,0,
 1,1,1,1,1,
 0,0,0,0,0,
 0,0,0,0,0,
 0,0,0,0,0, /////
 0,0,0,0,0,
 0,0,0,0,0,
 0,0,0,0,0,
 0,0,0,0,0,
 0,0,0,0,0, // 1
 0,0,0,0,0,
 0,0,0,0,0,
 0,0,0,0,0,
 0,0,0,0,0,
 0,0,0,0,0, // 2
 0,0,0,0,0,
 0,0,0,0,0,
 0,0,0,0,0,
 0,0,0,0,0,
 0,0,0,0,0, // 3
 0,0,0,0,0,
 0,0,0,0,0,
 1,1,1,1,1,
 0,0,0,0,0,
 0,0,0,0,0, // 4
 0,0,0,0,0,
 0,0,0,0,0,
 0,0,0,0,0,
 0,0,0,0,0,
 0,0,0,0,0, // 5
 0,0,0,0,0,
 0,0,0,0,0,
 1,1,1,1,1,
 0,0,0,0,0,
 0,0,0,0,0, /////
 0,0,0,0,0,
 0,0,0,0,0,
 0,0,0,0,0,
 0,0,0,0,0,
 0,0,0,0,0, // 1
 0,0,0,0,0,
 0,0,0,0,0,
 0,0,0,0,0,
 0,0,0,0,0,
 0,0,0,0,0, // 2
 0,0,0,0,0,
 0,0,0,0,0,
 0,0,0,0,0,
 0,0,0,0,0,
 0,0,0,0,0, // 3
 0,0,0,0,0,
 0,0,0,0,0,
 0,0,0,0,0,
 1,1,1,1,1,
 0,0,0,0,0, // 4
 0,0,0,0,0,
 0,0,0,0,0,
 0,0,0,0,0,
 0,0,0,0,0,
 0,0,0,0,0, // 5
 0,0,0,0,0,
 0,0,0,0,0,
 0,0,0,0,0,
 1,1,1,1,1,
// diag 0-3
 1,0,0,0,0, /////
 0,1,0,0,0,
 0,0,1,0,0,
 0,0,0,1,0,
 0,0,0,0,1,
 0,0,0,0,0, // 1
 0,0,0,0,0,
 0,0,0,0,0,
 0,0,0,0,0,
 0,0,0,0,0,
 0,0,0,0,0, // 2
 0,0,0,0,0,
 0,0,0,0,0,
 0,0,0,0,0,
 0,0,0,0,0,
 1,0,0,0,0, // 3
 0,1,0,0,0,
 0,0,1,0,0,
 0,0,0,1,0,
 0,0,0,0,1,
 0,0,0,0,0, // 4
 0,0,0,0,0,
 0,0,0,0,0,
 0,0,0,0,0,
 0,0,0,0,0,
 0,0,0,0,0, // 5
 0,0,0,0,0,
 0,0,0,0,0,
 0,0,0,0,0,
 0,0,0,0,0,
// diag 2-5
 0,0,0,0,0, /////
 0,0,0,0,0,
 0,0,0,0,0,
 0,0,0,0,0,
 0,0,0,0,0,
 0,0,0,0,0, // 1
 0,0,0,0,0,
 0,0,0,0,0,
 0,0,0,0,0,
 0,0,0,0,0,
 1,0,0,0,0, // 2
 0,1,0,0,0,
 0,0,1,0,0,
 0,0,0,1,0,
 0,0,0,0,1,
 0,0,0,0,0, // 3
 0,0,0,0,0,
 0,0,0,0,0,
 0,0,0,0,0,
 0,0,0,0,0,
 0,0,0,0,0, // 4
 0,0,0,0,0,
 0,0,0,0,0,
 0,0,0,0,0,
 0,0,0,0,0,
 1,0,0,0,0, // 5
 0,1,0,0,0,
 0,0,1,0,0,
 0,0,0,1,0,
 0,0,0,0,1,
// diag 2-1
 0,0,0,0,0, /////
 0,0,0,0,0,
 0,0,0,0,0,
 0,0,0,0,0,
 0,0,0,0,0,
 0,0,0,0,1, // 1
 0,0,0,1,0,
 0,0,1,0,0,
 0,1,0,0,0,
 1,0,0,0,0,
 0,0,0,0,1, // 2
 0,0,0,1,0,
 0,0,1,0,0,
 0,1,0,0,0,
 1,0,0,0,0,
 0,0,0,0,0, // 3
 0,0,0,0,0,
 0,0,0,0,0,
 0,0,0,0,0,
 0,0,0,0,0,
 0,0,0,0,0, // 4
 0,0,0,0,0,
 0,0,0,0,0,
 0,0,0,0,0,
 0,0,0,0,0,
 0,0,0,0,0, // 5
 0,0,0,0,0,
 0,0,0,0,0,
 0,0,0,0,0,
 0,0,0,0,0,
// diag 4-3
 0,0,0,0,0, /////
 0,0,0,0,0,
 0,0,0,0,0,
 0,0,0,0,0,
 0,0,0,0,0,
 0,0,0,0,0, // 1
 0,0,0,0,0,
 0,0,0,0,0,
 0,0,0,0,0,
 0,0,0,0,0,
 0,0,0,0,0, // 2
 0,0,0,0,0,
 0,0,0,0,0,
 0,0,0,0,0,
 0,0,0,0,0,
 0,0,0,0,1, // 3
 0,0,0,1,0,
 0,0,1,0,0,
 0,1,0,0,0,
 1,0,0,0,0,
 0,0,0,0,1, // 4
 0,0,0,1,0,
 0,0,1,0,0,
 0,1,0,0,0,
 1,0,0,0,0,
 0,0,0,0,0, // 5
 0,0,0,0,0,
 0,0,0,0,0,
 0,0,0,0,0,
 0,0,0,0,0,
100 };

BYTE SM_644[] = {
	1,1,0,0,0, //
	1,1,0,0,0,
	0,0,0,0,0,
	0,0,0,0,0,
	0,0,0,0,0,
	0,0,0,1,1, //
	0,0,0,1,1,
	0,0,0,0,0,
	0,0,0,0,0,
	0,0,0,0,0,
	0,0,0,0,0, //
	0,0,0,0,0,
	0,0,0,0,0,
	0,0,0,1,1,
	0,0,0,1,1,
	0,0,0,0,0, //
	0,0,0,0,0,
	0,0,0,0,0,
	1,1,0,0,0,
	1,1,0,0,0,
	1,0,0,0,0, //
	1,0,0,0,0,
	1,0,0,0,0,
	1,0,0,0,0,
	1,0,0,0,0,
	0,1,0,0,0, //
	0,1,0,0,0,
	0,1,0,0,0,
	0,1,0,0,0,
	0,1,0,0,0,
	0,0,1,0,0, //
	0,0,1,0,0,
	0,0,1,0,0,
	0,0,1,0,0,
	0,0,1,0,0,
	0,0,0,1,0, //
	0,0,0,1,0,
	0,0,0,1,0,
	0,0,0,1,0,
	0,0,0,1,0,
	0,0,0,0,1, //
	0,0,0,0,1,
	0,0,0,0,1,
	0,0,0,0,1,
	0,0,0,0,1,
	1,1,1,1,1, //
	0,0,0,0,0,
	0,0,0,0,0,
	0,0,0,0,0,
	0,0,0,0,0,
	0,0,0,0,0, //
	1,1,1,1,1,
	0,0,0,0,0,
	0,0,0,0,0,
	0,0,0,0,0,
	0,0,0,0,0, //
	0,0,0,0,0,
	1,1,1,1,1,
	0,0,0,0,0,
	0,0,0,0,0,
	0,0,0,0,0, //
	0,0,0,0,0,
	0,0,0,0,0,
	1,1,1,1,1,
	0,0,0,0,0,
	0,0,0,0,0, //
	0,0,0,0,0,
	0,0,0,0,0,
	0,0,0,0,0,
	1,1,1,1,1,
	1,0,0,0,0, //
	0,1,0,0,0,
	0,0,1,0,0,
	0,0,0,1,0,
	0,0,0,0,1,
	0,0,0,0,1, //
	0,0,0,1,0,
	0,0,1,0,0,
	0,1,0,0,0,
	1,0,0,0,0,
	1,1,1,0,0, //
	1,1,1,0,0,
	0,0,0,0,0,
	0,0,0,0,0,
	0,0,0,0,0,
	0,1,1,1,0, //
	0,1,1,1,0,
	0,0,0,0,0,
	0,0,0,0,0,
	0,0,0,0,0,
	0,0,1,1,1, //
	0,0,1,1,1,
	0,0,0,0,0,
	0,0,0,0,0,
	0,0,0,0,0,
	0,0,0,0,0, //
	1,1,1,0,0,
	1,1,1,0,0,
	0,0,0,0,0,
	0,0,0,0,0,
	0,0,0,0,0, //
	0,1,1,1,0,
	0,1,1,1,0,
	0,0,0,0,0,
	0,0,0,0,0,
	0,0,0,0,0, //
	0,0,1,1,1,
	0,0,1,1,1,
	0,0,0,0,0,
	0,0,0,0,0,
	0,0,0,0,0, //
	0,0,0,0,0,
	1,1,1,0,0,
	1,1,1,0,0,
	0,0,0,0,0,
	0,0,0,0,0, //
	0,0,0,0,0,
	0,1,1,1,0,
	0,1,1,1,0,
	0,0,0,0,0,
	0,0,0,0,0, //
	0,0,0,0,0,
	0,0,1,1,1,
	0,0,1,1,1,
	0,0,0,0,0,
	0,0,0,0,0, //
	0,0,0,0,0,
	0,0,0,0,0,
	1,1,1,0,0,
	1,1,1,0,0,
	0,0,0,0,0, //
	0,0,0,0,0,
	0,0,0,0,0,
	0,1,1,1,0,
	0,1,1,1,0,
	0,0,0,0,0, //
	0,0,0,0,0,
	0,0,0,0,0,
	0,0,1,1,1,
	0,0,1,1,1,
	1,1,0,0,0, //
	1,1,0,0,0,
	1,1,0,0,0,
	0,0,0,0,0,
	0,0,0,0,0,
	0,1,1,0,0, //
	0,1,1,0,0,
	0,1,1,0,0,
	0,0,0,0,0,
	0,0,0,0,0,
	0,0,1,1,0, //
	0,0,1,1,0,
	0,0,1,1,0,
	0,0,0,0,0,
	0,0,0,0,0,
	0,0,0,1,1, //
	0,0,0,1,1,
	0,0,0,1,1,
	0,0,0,0,0,
	0,0,0,0,0,
	0,0,0,0,0, //
	1,1,0,0,0,
	1,1,0,0,0,
	1,1,0,0,0,
	0,0,0,0,0,
	0,0,0,0,0, //
	0,1,1,0,0,
	0,1,1,0,0,
	0,1,1,0,0,
	0,0,0,0,0,
	0,0,0,0,0, //
	0,0,1,1,0,
	0,0,1,1,0,
	0,0,1,1,0,
	0,0,0,0,0,
	0,0,0,0,0, //
	0,0,0,1,1,
	0,0,0,1,1,
	0,0,0,1,1,
	0,0,0,0,0,
	0,0,0,0,0, //
	0,0,0,0,0,
	1,1,0,0,0,
	1,1,0,0,0,
	1,1,0,0,0,
	0,0,0,0,0, //
	0,0,0,0,0,
	0,1,1,0,0,
	0,1,1,0,0,
	0,1,1,0,0,
	0,0,0,0,0, //
	0,0,0,0,0,
	0,0,1,1,0,
	0,0,1,1,0,
	0,0,1,1,0,
	0,0,0,0,0, //
	0,0,0,0,0,
	0,0,0,1,1,
	0,0,0,1,1,
	0,0,0,1,1,
	1,0,0,0,1, //
	0,0,0,0,0,
	0,0,0,0,0,
	0,0,0,0,0,
	1,0,0,0,1,
	0,0,0,0,0, //
	0,1,0,1,0,
	0,0,0,0,0,
	0,1,0,1,0,
	0,0,0,0,0,
100 };

BYTE SM_645[] = {
	1,1,0,0,0, //
	1,1,0,0,0,
	0,0,0,0,0,
	0,0,0,0,0,
	0,0,0,0,0,
	0,1,1,0,0, //
	0,1,1,0,0,
	0,0,0,0,0,
	0,0,0,0,0,
	0,0,0,0,0,
	0,0,1,1,0, //
	0,0,1,1,0,
	0,0,0,0,0,
	0,0,0,0,0,
	0,0,0,0,0,
	0,0,0,1,1, //
	0,0,0,1,1,
	0,0,0,0,0,
	0,0,0,0,0,
	0,0,0,0,0,
	0,0,0,0,0, //
	1,1,0,0,0,
	1,1,0,0,0,
	0,0,0,0,0,
	0,0,0,0,0,
	0,0,0,0,0, //
	0,0,0,1,1,
	0,0,0,1,1,
	0,0,0,0,0,
	0,0,0,0,0,
	0,0,0,0,0, //
	0,0,0,0,0,
	1,1,0,0,0,
	1,1,0,0,0,
	0,0,0,0,0,
	0,0,0,0,0, //
	0,0,0,0,0,
	0,0,0,1,1,
	0,0,0,1,1,
	0,0,0,0,0,
	0,0,0,0,0, //
	0,0,0,0,0,
	0,0,0,0,0,
	1,1,0,0,0,
	1,1,0,0,0,
	0,0,0,0,0, //
	0,0,0,0,0,
	0,0,0,0,0,
	0,1,1,0,0,
	0,1,1,0,0,
	0,0,0,0,0, //
	0,0,0,0,0,
	0,0,0,0,0,
	0,0,1,1,0,
	0,0,1,1,0,
	0,0,0,0,0, //
	0,0,0,0,0,
	0,0,0,0,0,
	0,0,0,1,1,
	0,0,0,1,1,
	1,0,0,0,0, //
	1,0,0,0,0,
	1,0,0,0,0,
	1,0,0,0,0,
	1,0,0,0,0,
	0,1,0,0,0, //
	0,1,0,0,0,
	0,1,0,0,0,
	0,1,0,0,0,
	0,1,0,0,0,
	0,0,1,0,0, //
	0,0,1,0,0,
	0,0,1,0,0,
	0,0,1,0,0,
	0,0,1,0,0,
	0,0,0,1,0, //
	0,0,0,1,0,
	0,0,0,1,0,
	0,0,0,1,0,
	0,0,0,1,0,
	0,0,0,0,1, //
	0,0,0,0,1,
	0,0,0,0,1,
	0,0,0,0,1,
	0,0,0,0,1,
	1,1,1,1,1, //
	0,0,0,0,0,
	0,0,0,0,0,
	0,0,0,0,0,
	0,0,0,0,0,
	0,0,0,0,0, //
	1,1,1,1,1,
	0,0,0,0,0,
	0,0,0,0,0,
	0,0,0,0,0,
	0,0,0,0,0, //
	0,0,0,0,0,
	1,1,1,1,1,
	0,0,0,0,0,
	0,0,0,0,0,
	0,0,0,0,0, //
	0,0,0,0,0,
	0,0,0,0,0,
	1,1,1,1,1,
	0,0,0,0,0,
	0,0,0,0,0, //
	0,0,0,0,0,
	0,0,0,0,0,
	0,0,0,0,0,
	1,1,1,1,1,
	1,0,0,0,0, //
	0,1,0,0,0,
	0,0,1,0,0,
	0,0,0,1,0,
	0,0,0,0,1,
	0,0,0,0,1, //
	0,0,0,1,0,
	0,0,1,0,0,
	0,1,0,0,0,
	1,0,0,0,0,
	1,1,1,0,0, //
	1,1,1,0,0,
	0,0,0,0,0,
	0,0,0,0,0,
	0,0,0,0,0,
	0,1,1,1,0, //
	0,1,1,1,0,
	0,0,0,0,0,
	0,0,0,0,0,
	0,0,0,0,0,
	0,0,1,1,1, //
	0,0,1,1,1,
	0,0,0,0,0,
	0,0,0,0,0,
	0,0,0,0,0,
	0,0,0,0,0, //
	1,1,1,0,0,
	1,1,1,0,0,
	0,0,0,0,0,
	0,0,0,0,0,
	0,0,0,0,0, //
	0,1,1,1,0,
	0,1,1,1,0,
	0,0,0,0,0,
	0,0,0,0,0,
	0,0,0,0,0, //
	0,0,1,1,1,
	0,0,1,1,1,
	0,0,0,0,0,
	0,0,0,0,0,
	0,0,0,0,0, //
	0,0,0,0,0,
	1,1,1,0,0,
	1,1,1,0,0,
	0,0,0,0,0,
	0,0,0,0,0, //
	0,0,0,0,0,
	0,1,1,1,0,
	0,1,1,1,0,
	0,0,0,0,0,
	0,0,0,0,0, //
	0,0,0,0,0,
	0,0,1,1,1,
	0,0,1,1,1,
	0,0,0,0,0,
	0,0,0,0,0, //
	0,0,0,0,0,
	0,0,0,0,0,
	1,1,1,0,0,
	1,1,1,0,0,
	0,0,0,0,0, //
	0,0,0,0,0,
	0,0,0,0,0,
	0,1,1,1,0,
	0,1,1,1,0,
	0,0,0,0,0, //
	0,0,0,0,0,
	0,0,0,0,0,
	0,0,1,1,1,
	0,0,1,1,1,
	1,1,0,0,0, //
	1,1,0,0,0,
	1,1,0,0,0,
	0,0,0,0,0,
	0,0,0,0,0,
	0,1,1,0,0, //
	0,1,1,0,0,
	0,1,1,0,0,
	0,0,0,0,0,
	0,0,0,0,0,
	0,0,1,1,0, //
	0,0,1,1,0,
	0,0,1,1,0,
	0,0,0,0,0,
	0,0,0,0,0,
	0,0,0,1,1, //
	0,0,0,1,1,
	0,0,0,1,1,
	0,0,0,0,0,
	0,0,0,0,0,
	0,0,0,0,0, //
	1,1,0,0,0,
	1,1,0,0,0,
	1,1,0,0,0,
	0,0,0,0,0,
	0,0,0,0,0, //
	0,1,1,0,0,
	0,1,1,0,0,
	0,1,1,0,0,
	0,0,0,0,0,
	0,0,0,0,0, //
	0,0,1,1,0,
	0,0,1,1,0,
	0,0,1,1,0,
	0,0,0,0,0,
	0,0,0,0,0, //
	0,0,0,1,1,
	0,0,0,1,1,
	0,0,0,1,1,
	0,0,0,0,0,
	0,0,0,0,0, //
	0,0,0,0,0,
	1,1,0,0,0,
	1,1,0,0,0,
	1,1,0,0,0,
	0,0,0,0,0, //
	0,0,0,0,0,
	0,1,1,0,0,
	0,1,1,0,0,
	0,1,1,0,0,
	0,0,0,0,0, //
	0,0,0,0,0,
	0,0,1,1,0,
	0,0,1,1,0,
	0,0,1,1,0,
	0,0,0,0,0, //
	0,0,0,0,0,
	0,0,0,1,1,
	0,0,0,1,1,
	0,0,0,1,1,
	1,0,0,0,1, //
	0,0,0,0,0,
	0,0,0,0,0,
	0,0,0,0,0,
	1,0,0,0,1,
100 };

BYTE SM_650[] = {
	1,1,0,0,0, //
	1,0,0,0,0,
	0,0,0,0,0,
	0,0,0,0,0,
	0,0,0,0,0,
	1,1,0,0,0, //
	0,1,0,0,0,
	0,0,0,0,0,
	0,0,0,0,0,
	0,0,0,0,0,
	0,1,0,0,0, //
	1,1,0,0,0,
	0,0,0,0,0,
	0,0,0,0,0,
	0,0,0,0,0,
	1,0,0,0,0, //
	1,1,0,0,0,
	0,0,0,0,0,
	0,0,0,0,0,
	0,0,0,0,0,

	0,0,0,1,1, //
	0,0,0,1,0,
	0,0,0,0,0,
	0,0,0,0,0,
	0,0,0,0,0,
	0,0,0,1,1, //
	0,0,0,0,1,
	0,0,0,0,0,
	0,0,0,0,0,
	0,0,0,0,0,
	0,0,0,0,1, //
	0,0,0,1,1,
	0,0,0,0,0,
	0,0,0,0,0,
	0,0,0,0,0,
	0,0,0,1,0, //
	0,0,0,1,1,
	0,0,0,0,0,
	0,0,0,0,0,
	0,0,0,0,0,

	0,0,0,0,0, //
	0,0,0,0,0,
	0,0,0,0,0,
	0,0,0,1,1,
	0,0,0,1,0,
	0,0,0,0,0, //
	0,0,0,0,0,
	0,0,0,0,0,
	0,0,0,1,1,
	0,0,0,0,1,
	0,0,0,0,0, //
	0,0,0,0,0,
	0,0,0,0,0,
	0,0,0,0,1,
	0,0,0,1,1,
	0,0,0,0,0, //
	0,0,0,0,0,
	0,0,0,0,0,
	0,0,0,1,0,
	0,0,0,1,1,

	0,0,0,0,0, //
	0,0,0,0,0,
	0,0,0,0,0,
	1,1,0,0,0,
	1,0,0,0,0,
	0,0,0,0,0, //
	0,0,0,0,0,
	0,0,0,0,0,
	1,1,0,0,0,
	0,1,0,0,0,
	0,0,0,0,0, //
	0,0,0,0,0,
	0,0,0,0,0,
	0,1,0,0,0,
	1,1,0,0,0,
	0,0,0,0,0, //
	0,0,0,0,0,
	0,0,0,0,0,
	1,0,0,0,0,
	1,1,0,0,0,

100 };

BYTE SM_658[] = {
	1,1,1,0,0, //
	0,0,0,0,0,
	0,0,0,0,0,
	0,0,0,0,0,
	0,0,0,0,0,
	0,1,1,1,0, //
	0,0,0,0,0,
	0,0,0,0,0,
	0,0,0,0,0,
	0,0,0,0,0,
	0,0,1,1,1, //
	0,0,0,0,0,
	0,0,0,0,0,
	0,0,0,0,0,
	0,0,0,0,0,

	0,0,0,0,0, //
	1,1,1,0,0,
	0,0,0,0,0,
	0,0,0,0,0,
	0,0,0,0,0,
	0,0,0,0,0, //
	0,1,1,1,0,
	0,0,0,0,0,
	0,0,0,0,0,
	0,0,0,0,0,
	0,0,0,0,0, //
	0,0,1,1,1,
	0,0,0,0,0,
	0,0,0,0,0,
	0,0,0,0,0,

	0,0,0,0,0, //
	0,0,0,0,0,
	0,0,0,0,0,
	1,1,1,0,0,
	0,0,0,0,0,
	0,0,0,0,0, //
	0,0,0,0,0,
	0,0,0,0,0,
	0,1,1,1,0,
	0,0,0,0,0,
	0,0,0,0,0, //
	0,0,0,0,0,
	0,0,0,0,0,
	0,0,1,1,1,
	0,0,0,0,0,

	0,0,0,0,0, //
	0,0,0,0,0,
	0,0,0,0,0,
	0,0,0,0,0,
	1,1,1,0,0,
	0,0,0,0,0, //
	0,0,0,0,0,
	0,0,0,0,0,
	0,0,0,0,0,
	0,1,1,1,0,
	0,0,0,0,0, //
	0,0,0,0,0,
	0,0,0,0,0,
	0,0,0,0,0,
	0,0,1,1,1,
100 };

BYTE SM_660[] = {
	1,0,0,0,0, //
	1,0,0,0,0,
	1,0,0,0,0,
	0,0,0,0,0,
	0,0,0,0,0,
	0,0,0,0,0, //
	1,0,0,0,0,
	1,0,0,0,0,
	1,0,0,0,0,
	0,0,0,0,0,
	0,0,0,0,0, //
	0,0,0,0,0,
	1,0,0,0,0,
	1,0,0,0,0,
	1,0,0,0,0,

	0,1,0,0,0, //
	0,1,0,0,0,
	0,1,0,0,0,
	0,0,0,0,0,
	0,0,0,0,0,
	0,0,0,0,0, //
	0,1,0,0,0,
	0,1,0,0,0,
	0,1,0,0,0,
	0,0,0,0,0,
	0,0,0,0,0, //
	0,0,0,0,0,
	0,1,0,0,0,
	0,1,0,0,0,
	0,1,0,0,0,

	0,0,0,1,0, //
	0,0,0,1,0,
	0,0,0,1,0,
	0,0,0,0,0,
	0,0,0,0,0,
	0,0,0,0,0, //
	0,0,0,1,0,
	0,0,0,1,0,
	0,0,0,1,0,
	0,0,0,0,0,
	0,0,0,0,0, //
	0,0,0,0,0,
	0,0,0,1,0,
	0,0,0,1,0,
	0,0,0,1,0,

	0,0,0,0,1, //
	0,0,0,0,1,
	0,0,0,0,1,
	0,0,0,0,0,
	0,0,0,0,0,
	0,0,0,0,0, //
	0,0,0,0,1,
	0,0,0,0,1,
	0,0,0,0,1,
	0,0,0,0,0,
	0,0,0,0,0, //
	0,0,0,0,0,
	0,0,0,0,1,
	0,0,0,0,1,
	0,0,0,0,1,

100 };

MULTILIST SM_664[] = {
 { diagonal, 1 } ,
 { hardway, 1 } ,
 { 0, 0 } ,
};


BYTE SM_667[] = {
	1,0,0,0,0, //
	1,0,0,0,0,
	1,0,0,0,0,
	1,0,0,0,0,
	1,0,0,0,0,
	0,1,0,0,0, //
	0,1,0,0,0,
	0,1,0,0,0,
	0,1,0,0,0,
	0,1,0,0,0,
	0,0,1,0,0, //
	0,0,1,0,0,
	0,0,1,0,0,
	0,0,1,0,0,
	0,0,1,0,0,
	0,0,0,1,0, //
	0,0,0,1,0,
	0,0,0,1,0,
	0,0,0,1,0,
	0,0,0,1,0,
	0,0,0,0,1, //
	0,0,0,0,1,
	0,0,0,0,1,
	0,0,0,0,1,
	0,0,0,0,1,
	1,1,1,1,1, //
	0,0,0,0,0,
	0,0,0,0,0,
	0,0,0,0,0,
	0,0,0,0,0,
	0,0,0,0,0, //
	1,1,1,1,1,
	0,0,0,0,0,
	0,0,0,0,0,
	0,0,0,0,0,
	0,0,0,0,0, //
	0,0,0,0,0,
	1,1,1,1,1,
	0,0,0,0,0,
	0,0,0,0,0,
	0,0,0,0,0, //
	0,0,0,0,0,
	0,0,0,0,0,
	1,1,1,1,1,
	0,0,0,0,0,
	0,0,0,0,0, //
	0,0,0,0,0,
	0,0,0,0,0,
	0,0,0,0,0,
	1,1,1,1,1,
	1,0,0,0,0, //
	0,1,0,0,0,
	0,0,1,0,0,
	0,0,0,1,0,
	0,0,0,0,1,
	0,0,0,0,1, //
	0,0,0,1,0,
	0,0,1,0,0,
	0,1,0,0,0,
	1,0,0,0,0,
	1,1,0,0,0, //
	1,1,0,0,0,
	0,0,0,0,0,
	0,0,0,0,0,
	0,0,0,0,0,
	0,0,0,1,1, //
	0,0,0,1,1,
	0,0,0,0,0,
	0,0,0,0,0,
	0,0,0,0,0,
	0,0,0,0,0, //
	0,0,0,0,0,
	0,0,0,0,0,
	0,0,0,1,1,
	0,0,0,1,1,
	0,0,0,0,0, //
	0,0,0,0,0,
	0,0,0,0,0,
	1,1,0,0,0,
	1,1,0,0,0,
	1,0,0,0,1, //
	0,0,0,0,0,
	0,0,0,0,0,
	0,0,0,0,0,
	1,0,0,0,1,
	0,0,0,0,0, //
	0,1,0,1,0,
	0,0,0,0,0,
	0,1,0,1,0,
	0,0,0,0,0,
	1,1,1,0,0, //
	1,1,1,0,0,
	0,0,0,0,0,
	0,0,0,0,0,
	0,0,0,0,0,
	0,1,1,1,0, //
	0,1,1,1,0,
	0,0,0,0,0,
	0,0,0,0,0,
	0,0,0,0,0,
	0,0,1,1,1, //
	0,0,1,1,1,
	0,0,0,0,0,
	0,0,0,0,0,
	0,0,0,0,0,
	0,0,0,0,0, //
	0,0,0,0,0,
	0,0,0,0,0,
	1,1,1,0,0,
	1,1,1,0,0,
	0,0,0,0,0, //
	0,0,0,0,0,
	0,0,0,0,0,
	0,1,1,1,0,
	0,1,1,1,0,
	0,0,0,0,0, //
	0,0,0,0,0,
	0,0,0,0,0,
	0,0,1,1,1,
	0,0,1,1,1,
	1,1,0,0,0, //
	1,1,0,0,0,
	1,1,0,0,0,
	0,0,0,0,0,
	0,0,0,0,0,
	0,0,0,1,1, //
	0,0,0,1,1,
	0,0,0,1,1,
	0,0,0,0,0,
	0,0,0,0,0,
	0,0,0,0,0, //
	1,1,0,0,0,
	1,1,0,0,0,
	1,1,0,0,0,
	0,0,0,0,0,
	0,0,0,0,0, //
	0,0,0,1,1,
	0,0,0,1,1,
	0,0,0,1,1,
	0,0,0,0,0,
	0,0,0,0,0, //
	0,0,0,0,0,
	1,1,0,0,0,
	1,1,0,0,0,
	1,1,0,0,0,
	0,0,0,0,0, //
	0,0,0,0,0,
	0,0,0,1,1,
	0,0,0,1,1,
	0,0,0,1,1,
100 };

BYTE SM_672[] = {
	0,0,0,0,0, //
	1,0,0,0,0,
	1,0,0,0,0,
	1,0,0,0,0,
	0,0,0,0,0,
	0,1,0,0,0, //
	0,1,0,0,0,
	0,1,0,0,0,
	0,1,0,0,0,
	0,1,0,0,0,
	0,0,1,0,0, //
	0,0,1,0,0,
	0,0,1,0,0,
	0,0,1,0,0,
	0,0,1,0,0,
	0,0,0,1,0, //
	0,0,0,1,0,
	0,0,0,1,0,
	0,0,0,1,0,
	0,0,0,1,0,
	0,0,0,0,0, //
	0,0,0,0,1,
	0,0,0,0,1,
	0,0,0,0,1,
	0,0,0,0,0,
	0,1,1,1,0, //
	0,0,0,0,0,
	0,0,0,0,0,
	0,0,0,0,0,
	0,0,0,0,0,
	0,0,0,0,0, //
	1,1,1,1,1,
	0,0,0,0,0,
	0,0,0,0,0,
	0,0,0,0,0,
	0,0,0,0,0, //
	0,0,0,0,0,
	1,1,1,1,1,
	0,0,0,0,0,
	0,0,0,0,0,
	0,0,0,0,0, //
	0,0,0,0,0,
	0,0,0,0,0,
	1,1,1,1,1,
	0,0,0,0,0,
	0,0,0,0,0, //
	0,0,0,0,0,
	0,0,0,0,0,
	0,0,0,0,0,
	0,1,1,1,0,
	0,0,0,0,0, //
	0,1,0,0,0,
	0,0,1,0,0,
	0,0,0,1,0,
	0,0,0,0,0,
	0,0,0,0,0, //
	0,0,0,1,0,
	0,0,1,0,0,
	0,1,0,0,0,
	0,0,0,0,0,
'x',
	0,0,0,0,0, //
	1,0,0,0,0,
	1,0,0,0,0,
	1,0,0,0,0,
	0,0,0,0,0,
	0,1,0,0,0, //
	0,1,0,0,0,
	0,1,0,0,0,
	0,1,0,0,0,
	0,1,0,0,0,
	0,0,1,0,0, //
	0,0,1,0,0,
	0,0,1,0,0,
	0,0,1,0,0,
	0,0,1,0,0,
	0,0,0,1,0, //
	0,0,0,1,0,
	0,0,0,1,0,
	0,0,0,1,0,
	0,0,0,1,0,
	0,0,0,0,0, //
	0,0,0,0,1,
	0,0,0,0,1,
	0,0,0,0,1,
	0,0,0,0,0,
	0,1,1,1,0, //
	0,0,0,0,0,
	0,0,0,0,0,
	0,0,0,0,0,
	0,0,0,0,0,
	0,0,0,0,0, //
	1,1,1,1,1,
	0,0,0,0,0,
	0,0,0,0,0,
	0,0,0,0,0,
	0,0,0,0,0, //
	0,0,0,0,0,
	1,1,1,1,1,
	0,0,0,0,0,
	0,0,0,0,0,
	0,0,0,0,0, //
	0,0,0,0,0,
	0,0,0,0,0,
	1,1,1,1,1,
	0,0,0,0,0,
	0,0,0,0,0, //
	0,0,0,0,0,
	0,0,0,0,0,
	0,0,0,0,0,
	0,1,1,1,0,
	0,0,0,0,0, //
	0,1,0,0,0,
	0,0,1,0,0,
	0,0,0,1,0,
	0,0,0,0,0,
	0,0,0,0,0, //
	0,0,0,1,0,
	0,0,1,0,0,
	0,1,0,0,0,
	0,0,0,0,0,
100 };

BYTE SM_674[] = {
	1,0,0,0,0, //
	0,1,0,0,0,
	0,0,1,0,0,
	0,0,0,1,0,
	0,0,0,0,1,
	0,0,0,0,1, //
	0,0,0,1,0,
	0,0,1,0,0,
	0,1,0,0,0,
	1,0,0,0,0,
100 };

BYTE SM_678[] = {
	1,1,0,0,0, //
	1,1,0,0,0,
	0,0,1,0,0,
	0,0,0,1,0,
	0,0,0,0,1,
	0,0,0,1,1, //
	0,0,0,1,1,
	0,0,1,0,0,
	0,1,0,0,0,
	1,0,0,0,0,
	1,0,0,0,0, //
	0,1,0,0,0,
	0,0,1,0,0,
	0,0,0,1,1,
	0,0,0,1,1,
	0,0,0,0,1, //
	0,0,0,1,0,
	0,0,1,0,0,
	1,1,0,0,0,
	1,1,0,0,0,
100 };


BYTE SM_677[] = {
 1,1,1,1,1,	// 1   0
 0,0,0,0,0,
 0,0,0,0,0,
 0,0,0,0,0,
 0,0,0,0,0,
 0,0,0,0,0,	// 2
 0,0,0,0,0,
 0,0,0,0,0,
 0,0,0,0,0,
 0,0,0,0,0,
 1,1,1,1,1,	// 3
 0,0,0,0,0,
 0,0,0,0,0,
 0,0,0,0,0,
 0,0,0,0,0,
 0,0,0,0,0,	// 4
 0,0,0,0,0,
 0,0,0,0,0,
 0,0,0,0,0,
 0,0,0,0,0,
 0,0,0,0,0,	// 5
 0,0,0,0,0,
 0,0,0,0,0,
 0,0,0,0,0,
 0,0,0,0,0,
 0,0,0,0,0,	// 6
 0,0,0,0,0,
 0,0,0,0,0,
 0,0,0,0,0,
 0,0,0,0,0,

 0,0,0,0,0,	// 1   1
 1,1,1,1,1,
 0,0,0,0,0,
 0,0,0,0,0,
 0,0,0,0,0,
 0,0,0,0,0,	// 2
 0,0,0,0,0,
 0,0,0,0,0,
 0,0,0,0,0,
 0,0,0,0,0,
 0,0,0,0,0,	// 3
 1,1,1,1,1,
 0,0,0,0,0,
 0,0,0,0,0,
 0,0,0,0,0,
 0,0,0,0,0,	// 4
 0,0,0,0,0,
 0,0,0,0,0,
 0,0,0,0,0,
 0,0,0,0,0,
 0,0,0,0,0,	// 5
 0,0,0,0,0,
 0,0,0,0,0,
 0,0,0,0,0,
 0,0,0,0,0,
 0,0,0,0,0,	// 6
 0,0,0,0,0,
 0,0,0,0,0,
 0,0,0,0,0,
 0,0,0,0,0,

 0,0,0,0,0,	// 1   2
 0,0,0,0,0,
 1,1,1,1,1,
 0,0,0,0,0,
 0,0,0,0,0,
 0,0,0,0,0,	// 2
 0,0,0,0,0,
 0,0,0,0,0,
 0,0,0,0,0,
 0,0,0,0,0,
 0,0,0,0,0,	// 3
 0,0,0,0,0,
 1,1,1,1,1,
 0,0,0,0,0,
 0,0,0,0,0,
 0,0,0,0,0,	// 4
 0,0,0,0,0,
 0,0,0,0,0,
 0,0,0,0,0,
 0,0,0,0,0,
 0,0,0,0,0,	// 5
 0,0,0,0,0,
 0,0,0,0,0,
 0,0,0,0,0,
 0,0,0,0,0,
 0,0,0,0,0,	// 6
 0,0,0,0,0,
 0,0,0,0,0,
 0,0,0,0,0,
 0,0,0,0,0,

 0,0,0,0,0,	// 1   3
 0,0,0,0,0,
 0,0,0,0,0,
 1,1,1,1,1,
 0,0,0,0,0,
 0,0,0,0,0,	// 2
 0,0,0,0,0,
 0,0,0,0,0,
 0,0,0,0,0,
 0,0,0,0,0,
 0,0,0,0,0,	// 3
 0,0,0,0,0,
 0,0,0,0,0,
 1,1,1,1,1,
 0,0,0,0,0,
 0,0,0,0,0,	// 4
 0,0,0,0,0,
 0,0,0,0,0,
 0,0,0,0,0,
 0,0,0,0,0,
 0,0,0,0,0,	// 5
 0,0,0,0,0,
 0,0,0,0,0,
 0,0,0,0,0,
 0,0,0,0,0,
 0,0,0,0,0,	// 6
 0,0,0,0,0,
 0,0,0,0,0,
 0,0,0,0,0,
 0,0,0,0,0,


 0,0,0,0,0,	// 1   4
 0,0,0,0,0,
 0,0,0,0,0,
 0,0,0,0,0,
 1,1,1,1,1,
 0,0,0,0,0,	// 2
 0,0,0,0,0,
 0,0,0,0,0,
 0,0,0,0,0,
 0,0,0,0,0,
 0,0,0,0,0,	// 3
 0,0,0,0,0,
 0,0,0,0,0,
 0,0,0,0,0,
 1,1,1,1,1,
 0,0,0,0,0,	// 4
 0,0,0,0,0,
 0,0,0,0,0,
 0,0,0,0,0,
 0,0,0,0,0,
 0,0,0,0,0,	// 5
 0,0,0,0,0,
 0,0,0,0,0,
 0,0,0,0,0,
 0,0,0,0,0,
 0,0,0,0,0,	// 6
 0,0,0,0,0,
 0,0,0,0,0,
 0,0,0,0,0,
 0,0,0,0,0,

/////
 0,0,0,0,0,	// 1   0
 0,0,0,0,0,
 0,0,0,0,0,
 0,0,0,0,0,
 0,0,0,0,0,
 0,0,0,0,0,	// 2
 0,0,0,0,0,
 0,0,0,0,0,
 0,0,0,0,0,
 0,0,0,0,0,
 1,1,1,1,1,	// 3
 0,0,0,0,0,
 0,0,0,0,0,
 0,0,0,0,0,
 0,0,0,0,0,
 0,0,0,0,0,	// 4
 0,0,0,0,0,
 0,0,0,0,0,
 0,0,0,0,0,
 0,0,0,0,0,
 1,1,1,1,1,	// 5
 0,0,0,0,0,
 0,0,0,0,0,
 0,0,0,0,0,
 0,0,0,0,0,
 0,0,0,0,0,	// 6
 0,0,0,0,0,
 0,0,0,0,0,
 0,0,0,0,0,
 0,0,0,0,0,

 0,0,0,0,0,	// 1   1
 0,0,0,0,0,
 0,0,0,0,0,
 0,0,0,0,0,
 0,0,0,0,0,
 0,0,0,0,0,	// 2
 0,0,0,0,0,
 0,0,0,0,0,
 0,0,0,0,0,
 0,0,0,0,0,
 0,0,0,0,0,	// 3
 1,1,1,1,1,
 0,0,0,0,0,
 0,0,0,0,0,
 0,0,0,0,0,
 0,0,0,0,0,	// 4
 0,0,0,0,0,
 0,0,0,0,0,
 0,0,0,0,0,
 0,0,0,0,0,
 0,0,0,0,0,	// 5
 1,1,1,1,1,
 0,0,0,0,0,
 0,0,0,0,0,
 0,0,0,0,0,
 0,0,0,0,0,	// 6
 0,0,0,0,0,
 0,0,0,0,0,
 0,0,0,0,0,
 0,0,0,0,0,

 0,0,0,0,0,	// 1   2
 0,0,0,0,0,
 0,0,0,0,0,
 0,0,0,0,0,
 0,0,0,0,0,
 0,0,0,0,0,	// 2
 0,0,0,0,0,
 0,0,0,0,0,
 0,0,0,0,0,
 0,0,0,0,0,
 0,0,0,0,0,	// 3
 0,0,0,0,0,
 1,1,1,1,1,
 0,0,0,0,0,
 0,0,0,0,0,
 0,0,0,0,0,	// 4
 0,0,0,0,0,
 0,0,0,0,0,
 0,0,0,0,0,
 0,0,0,0,0,
 0,0,0,0,0,	// 5
 0,0,0,0,0,
 1,1,1,1,1,
 0,0,0,0,0,
 0,0,0,0,0,
 0,0,0,0,0,	// 6
 0,0,0,0,0,
 0,0,0,0,0,
 0,0,0,0,0,
 0,0,0,0,0,

 0,0,0,0,0,	// 1   3
 0,0,0,0,0,
 0,0,0,0,0,
 0,0,0,0,0,
 0,0,0,0,0,
 0,0,0,0,0,	// 2
 0,0,0,0,0,
 0,0,0,0,0,
 0,0,0,0,0,
 0,0,0,0,0,
 0,0,0,0,0,	// 3
 0,0,0,0,0,
 0,0,0,0,0,
 1,1,1,1,1,
 0,0,0,0,0,
 0,0,0,0,0,	// 4
 0,0,0,0,0,
 0,0,0,0,0,
 0,0,0,0,0,
 0,0,0,0,0,
 0,0,0,0,0,	// 5
 0,0,0,0,0,
 0,0,0,0,0,
 1,1,1,1,1,
 0,0,0,0,0,
 0,0,0,0,0,	// 6
 0,0,0,0,0,
 0,0,0,0,0,
 0,0,0,0,0,
 0,0,0,0,0,

 0,0,0,0,0,	// 1   4
 0,0,0,0,0,
 0,0,0,0,0,
 0,0,0,0,0,
 0,0,0,0,0,
 0,0,0,0,0,	// 2
 0,0,0,0,0,
 0,0,0,0,0,
 0,0,0,0,0,
 0,0,0,0,0,
 0,0,0,0,0,	// 3
 0,0,0,0,0,
 0,0,0,0,0,
 0,0,0,0,0,
 1,1,1,1,1,
 0,0,0,0,0,	// 4
 0,0,0,0,0,
 0,0,0,0,0,
 0,0,0,0,0,
 0,0,0,0,0,
 0,0,0,0,0,	// 5
 0,0,0,0,0,
 0,0,0,0,0,
 0,0,0,0,0,
 1,1,1,1,1,
 0,0,0,0,0,	// 6
 0,0,0,0,0,
 0,0,0,0,0,
 0,0,0,0,0,
 0,0,0,0,0,

/////

 0,0,0,0,0,	// 1   0
 0,0,0,0,0,
 0,0,0,0,0,
 0,0,0,0,0,
 0,0,0,0,0,
 1,1,1,1,1,	// 2
 0,0,0,0,0,
 0,0,0,0,0,
 0,0,0,0,0,
 0,0,0,0,0,
 0,0,0,0,0,	// 3
 0,0,0,0,0,
 0,0,0,0,0,
 0,0,0,0,0,
 0,0,0,0,0,
 1,1,1,1,1,	// 4
 0,0,0,0,0,
 0,0,0,0,0,
 0,0,0,0,0,
 0,0,0,0,0,
 0,0,0,0,0,	// 5
 0,0,0,0,0,
 0,0,0,0,0,
 0,0,0,0,0,
 0,0,0,0,0,
 0,0,0,0,0,	// 6
 0,0,0,0,0,
 0,0,0,0,0,
 0,0,0,0,0,
 0,0,0,0,0,

 0,0,0,0,0,	// 1   1
 0,0,0,0,0,
 0,0,0,0,0,
 0,0,0,0,0,
 0,0,0,0,0,
 0,0,0,0,0,	// 2
 1,1,1,1,1,
 0,0,0,0,0,
 0,0,0,0,0,
 0,0,0,0,0,
 0,0,0,0,0,	// 3
 0,0,0,0,0,
 0,0,0,0,0,
 0,0,0,0,0,
 0,0,0,0,0,
 0,0,0,0,0,	// 4
 1,1,1,1,1,
 0,0,0,0,0,
 0,0,0,0,0,
 0,0,0,0,0,
 0,0,0,0,0,	// 5
 0,0,0,0,0,
 0,0,0,0,0,
 0,0,0,0,0,
 0,0,0,0,0,
 0,0,0,0,0,	// 6
 0,0,0,0,0,
 0,0,0,0,0,
 0,0,0,0,0,
 0,0,0,0,0,

 0,0,0,0,0,	// 1   2
 0,0,0,0,0,
 0,0,0,0,0,
 0,0,0,0,0,
 0,0,0,0,0,
 0,0,0,0,0,	// 2
 0,0,0,0,0,
 1,1,1,1,1,
 0,0,0,0,0,
 0,0,0,0,0,
 0,0,0,0,0,	// 3
 0,0,0,0,0,
 0,0,0,0,0,
 0,0,0,0,0,
 0,0,0,0,0,
 0,0,0,0,0,	// 4
 0,0,0,0,0,
 1,1,1,1,1,
 0,0,0,0,0,
 0,0,0,0,0,
 0,0,0,0,0,	// 5
 0,0,0,0,0,
 0,0,0,0,0,
 0,0,0,0,0,
 0,0,0,0,0,
 0,0,0,0,0,	// 6
 0,0,0,0,0,
 0,0,0,0,0,
 0,0,0,0,0,
 0,0,0,0,0,

 0,0,0,0,0,	// 1   3
 0,0,0,0,0,
 0,0,0,0,0,
 0,0,0,0,0,
 0,0,0,0,0,
 0,0,0,0,0,	// 2
 0,0,0,0,0,
 0,0,0,0,0,
 1,1,1,1,1,
 0,0,0,0,0,
 0,0,0,0,0,	// 3
 0,0,0,0,0,
 0,0,0,0,0,
 0,0,0,0,0,
 0,0,0,0,0,
 0,0,0,0,0,	// 4
 0,0,0,0,0,
 0,0,0,0,0,
 1,1,1,1,1,
 0,0,0,0,0,
 0,0,0,0,0,	// 5
 0,0,0,0,0,
 0,0,0,0,0,
 0,0,0,0,0,
 0,0,0,0,0,
 0,0,0,0,0,	// 6
 0,0,0,0,0,
 0,0,0,0,0,
 0,0,0,0,0,
 0,0,0,0,0,

 0,0,0,0,0,	// 1   4
 0,0,0,0,0,
 0,0,0,0,0,
 0,0,0,0,0,
 0,0,0,0,0,
 0,0,0,0,0,	// 2
 0,0,0,0,0,
 0,0,0,0,0,
 0,0,0,0,0,
 1,1,1,1,1,
 0,0,0,0,0,	// 3
 0,0,0,0,0,
 0,0,0,0,0,
 0,0,0,0,0,
 0,0,0,0,0,
 0,0,0,0,0,	// 4
 0,0,0,0,0,
 0,0,0,0,0,
 0,0,0,0,0,
 1,1,1,1,1,
 0,0,0,0,0,	// 5
 0,0,0,0,0,
 0,0,0,0,0,
 0,0,0,0,0,
 0,0,0,0,0,
 0,0,0,0,0,	// 6
 0,0,0,0,0,
 0,0,0,0,0,
 0,0,0,0,0,
 0,0,0,0,0,

/////

 0,0,0,0,0,	// 1   0
 0,0,0,0,0,
 0,0,0,0,0,
 0,0,0,0,0,
 0,0,0,0,0,
 0,0,0,0,0,	// 2
 0,0,0,0,0,
 0,0,0,0,0,
 0,0,0,0,0,
 0,0,0,0,0,
 0,0,0,0,0,	// 3
 0,0,0,0,0,
 0,0,0,0,0,
 0,0,0,0,0,
 0,0,0,0,0,
 1,1,1,1,1,	// 4
 0,0,0,0,0,
 0,0,0,0,0,
 0,0,0,0,0,
 0,0,0,0,0,
 0,0,0,0,0,	// 5
 0,0,0,0,0,
 0,0,0,0,0,
 0,0,0,0,0,
 0,0,0,0,0,
 1,1,1,1,1,	// 6
 0,0,0,0,0,
 0,0,0,0,0,
 0,0,0,0,0,
 0,0,0,0,0,

 0,0,0,0,0,	// 1   1
 0,0,0,0,0,
 0,0,0,0,0,
 0,0,0,0,0,
 0,0,0,0,0,
 0,0,0,0,0,	// 2
 0,0,0,0,0,
 0,0,0,0,0,
 0,0,0,0,0,
 0,0,0,0,0,
 0,0,0,0,0,	// 3
 0,0,0,0,0,
 0,0,0,0,0,
 0,0,0,0,0,
 0,0,0,0,0,
 0,0,0,0,0,	// 4
 1,1,1,1,1,
 0,0,0,0,0,
 0,0,0,0,0,
 0,0,0,0,0,
 0,0,0,0,0,	// 5
 0,0,0,0,0,
 0,0,0,0,0,
 0,0,0,0,0,
 0,0,0,0,0,
 0,0,0,0,0,	// 6
 1,1,1,1,1,
 0,0,0,0,0,
 0,0,0,0,0,
 0,0,0,0,0,

 0,0,0,0,0,	// 1   2
 0,0,0,0,0,
 0,0,0,0,0,
 0,0,0,0,0,
 0,0,0,0,0,
 0,0,0,0,0,	// 2
 0,0,0,0,0,
 0,0,0,0,0,
 0,0,0,0,0,
 0,0,0,0,0,
 0,0,0,0,0,	// 3
 0,0,0,0,0,
 0,0,0,0,0,
 0,0,0,0,0,
 0,0,0,0,0,
 0,0,0,0,0,	// 4
 0,0,0,0,0,
 1,1,1,1,1,
 0,0,0,0,0,
 0,0,0,0,0,
 0,0,0,0,0,	// 5
 0,0,0,0,0,
 0,0,0,0,0,
 0,0,0,0,0,
 0,0,0,0,0,
 0,0,0,0,0,	// 6
 0,0,0,0,0,
 1,1,1,1,1,
 0,0,0,0,0,
 0,0,0,0,0,

 0,0,0,0,0,	// 1   3
 0,0,0,0,0,
 0,0,0,0,0,
 0,0,0,0,0,
 0,0,0,0,0,
 0,0,0,0,0,	// 2
 0,0,0,0,0,
 0,0,0,0,0,
 0,0,0,0,0,
 0,0,0,0,0,
 0,0,0,0,0,	// 3
 0,0,0,0,0,
 0,0,0,0,0,
 0,0,0,0,0,
 0,0,0,0,0,
 0,0,0,0,0,	// 4
 0,0,0,0,0,
 0,0,0,0,0,
 1,1,1,1,1,
 0,0,0,0,0,
 0,0,0,0,0,	// 5
 0,0,0,0,0,
 0,0,0,0,0,
 0,0,0,0,0,
 0,0,0,0,0,
 0,0,0,0,0,	// 6
 0,0,0,0,0,
 0,0,0,0,0,
 1,1,1,1,1,
 0,0,0,0,0,

 0,0,0,0,0,	// 1   4
 0,0,0,0,0,
 0,0,0,0,0,
 0,0,0,0,0,
 0,0,0,0,0,
 0,0,0,0,0,	// 2
 0,0,0,0,0,
 0,0,0,0,0,
 0,0,0,0,0,
 0,0,0,0,0,
 0,0,0,0,0,	// 3
 0,0,0,0,0,
 0,0,0,0,0,
 0,0,0,0,0,
 0,0,0,0,0,
 0,0,0,0,0,	// 4
 0,0,0,0,0,
 0,0,0,0,0,
 0,0,0,0,0,
 1,1,1,1,1,
 0,0,0,0,0,	// 5
 0,0,0,0,0,
 0,0,0,0,0,
 0,0,0,0,0,
 0,0,0,0,0,
 0,0,0,0,0,	// 6
 0,0,0,0,0,
 0,0,0,0,0,
 0,0,0,0,0,
 1,1,1,1,1,

100 };

BYTE SM_680[] = {
	1,0,0,0,1, //
	0,0,0,0,0,
	0,0,0,0,0,
	0,0,0,0,0,
	1,0,0,0,1,
	0,0,0,0,0, //
	0,1,0,1,0,
	0,0,0,0,0,
	0,1,0,1,0,
	0,0,0,0,0,
100 };

BYTE SM_685[] = {
	1,0,0,0,0, //
	1,0,0,0,0,
	1,0,0,0,0,
	1,0,0,0,0,
	1,0,0,0,0,
	0,1,0,0,0, //
	0,1,0,0,0,
	0,1,0,0,0,
	0,1,0,0,0,
	0,1,0,0,0,
	0,0,1,0,0, //
	0,0,1,0,0,
	0,0,1,0,0,
	0,0,1,0,0,
	0,0,1,0,0,
	0,0,0,1,0, //
	0,0,0,1,0,
	0,0,0,1,0,
	0,0,0,1,0,
	0,0,0,1,0,
	0,0,0,0,1, //
	0,0,0,0,1,
	0,0,0,0,1,
	0,0,0,0,1,
	0,0,0,0,1,
	1,1,1,1,1, //
	0,0,0,0,0,
	0,0,0,0,0,
	0,0,0,0,0,
	0,0,0,0,0,
	0,0,0,0,0, //
	1,1,1,1,1,
	0,0,0,0,0,
	0,0,0,0,0,
	0,0,0,0,0,
	0,0,0,0,0, //
	0,0,0,0,0,
	1,1,1,1,1,
	0,0,0,0,0,
	0,0,0,0,0,
	0,0,0,0,0, //
	0,0,0,0,0,
	0,0,0,0,0,
	1,1,1,1,1,
	0,0,0,0,0,
	0,0,0,0,0, //
	0,0,0,0,0,
	0,0,0,0,0,
	0,0,0,0,0,
	1,1,1,1,1,
	1,0,0,0,0, //
	0,1,0,0,0,
	0,0,1,0,0,
	0,0,0,1,0,
	0,0,0,0,1,
	0,0,0,0,1, //
	0,0,0,1,0,
	0,0,1,0,0,
	0,1,0,0,0,
	1,0,0,0,0,
	1,1,0,0,0, //
	1,1,0,0,0,
	0,0,0,0,0,
	0,0,0,0,0,
	0,0,0,0,0,
	0,0,0,1,1, //
	0,0,0,1,1,
	0,0,0,0,0,
	0,0,0,0,0,
	0,0,0,0,0,
	0,0,0,0,0, //
	0,0,0,0,0,
	0,0,0,0,0,
	0,0,0,1,1,
	0,0,0,1,1,
	0,0,0,0,0, //
	0,0,0,0,0,
	0,0,0,0,0,
	1,1,0,0,0,
	1,1,0,0,0,
	1,1,1,0,0, //
	1,1,1,0,0,
	0,0,0,0,0,
	0,0,0,0,0,
	0,0,0,0,0,
	0,1,1,1,0, //
	0,1,1,1,0,
	0,0,0,0,0,
	0,0,0,0,0,
	0,0,0,0,0,
	0,0,1,1,1, //
	0,0,1,1,1,
	0,0,0,0,0,
	0,0,0,0,0,
	0,0,0,0,0,
	0,0,0,0,0, //
	1,1,1,0,0,
	1,1,1,0,0,
	0,0,0,0,0,
	0,0,0,0,0,
	0,0,0,0,0, //
	0,1,1,1,0,
	0,1,1,1,0,
	0,0,0,0,0,
	0,0,0,0,0,
	0,0,0,0,0, //
	0,0,1,1,1,
	0,0,1,1,1,
	0,0,0,0,0,
	0,0,0,0,0,
	0,0,0,0,0, //
	0,0,0,0,0,
	1,1,1,0,0,
	1,1,1,0,0,
	0,0,0,0,0,
	0,0,0,0,0, //
	0,0,0,0,0,
	0,1,1,1,0,
	0,1,1,1,0,
	0,0,0,0,0,
	0,0,0,0,0, //
	0,0,0,0,0,
	0,0,1,1,1,
	0,0,1,1,1,
	0,0,0,0,0,
	0,0,0,0,0, //
	0,0,0,0,0,
	0,0,0,0,0,
	1,1,1,0,0,
	1,1,1,0,0,
	0,0,0,0,0, //
	0,0,0,0,0,
	0,0,0,0,0,
	0,1,1,1,0,
	0,1,1,1,0,
	0,0,0,0,0, //
	0,0,0,0,0,
	0,0,0,0,0,
	0,0,1,1,1,
	0,0,1,1,1,
	1,1,0,0,0, //
	1,1,0,0,0,
	1,1,0,0,0,
	0,0,0,0,0,
	0,0,0,0,0,
	0,1,1,0,0, //
	0,1,1,0,0,
	0,1,1,0,0,
	0,0,0,0,0,
	0,0,0,0,0,
	0,0,1,1,0, //
	0,0,1,1,0,
	0,0,1,1,0,
	0,0,0,0,0,
	0,0,0,0,0,
	0,0,0,1,1, //
	0,0,0,1,1,
	0,0,0,1,1,
	0,0,0,0,0,
	0,0,0,0,0,
	0,0,0,0,0, //
	1,1,0,0,0,
	1,1,0,0,0,
	1,1,0,0,0,
	0,0,0,0,0,
	0,0,0,0,0, //
	0,1,1,0,0,
	0,1,1,0,0,
	0,1,1,0,0,
	0,0,0,0,0,
	0,0,0,0,0, //
	0,0,1,1,0,
	0,0,1,1,0,
	0,0,1,1,0,
	0,0,0,0,0,
	0,0,0,0,0, //
	0,0,0,1,1,
	0,0,0,1,1,
	0,0,0,1,1,
	0,0,0,0,0,
	0,0,0,0,0, //
	0,0,0,0,0,
	1,1,0,0,0,
	1,1,0,0,0,
	1,1,0,0,0,
	0,0,0,0,0, //
	0,0,0,0,0,
	0,1,1,0,0,
	0,1,1,0,0,
	0,1,1,0,0,
	0,0,0,0,0, //
	0,0,0,0,0,
	0,0,1,1,0,
	0,0,1,1,0,
	0,0,1,1,0,
	0,0,0,0,0, //
	0,0,0,0,0,
	0,0,0,1,1,
	0,0,0,1,1,
	0,0,0,1,1,
100 };

BYTE SM_689[] = {
 1,1,1,1,1,	// 1  tbtbtb
 0,0,0,0,0,
 0,0,0,0,0,
 0,0,0,0,0,
 0,0,0,0,0,
 0,0,0,0,0,	// 2
 0,0,0,0,0,
 0,0,0,0,0,
 0,0,0,0,0,
 1,1,1,1,1,
 1,1,1,1,1,	// 3
 0,0,0,0,0,
 0,0,0,0,0,
 0,0,0,0,0,
 0,0,0,0,0,
 0,0,0,0,0,	// 4
 0,0,0,0,0,
 0,0,0,0,0,
 0,0,0,0,0,
 1,1,1,1,1,
 1,1,1,1,1,	// 5
 0,0,0,0,0,
 0,0,0,0,0,
 0,0,0,0,0,
 0,0,0,0,0,
 0,0,0,0,0,	// 6
 0,0,0,0,0,
 0,0,0,0,0,
 0,0,0,0,0,
 1,1,1,1,1,
 100 };

BYTE SM_692[] = {
	1,0,0,0,0, //
	1,0,0,0,0,
	1,0,0,0,0, 
	1,0,0,0,0,
	1,0,0,0,0,
	0,1,0,0,0, //
	0,1,0,0,0,
	0,1,0,0,0, 
	0,1,0,0,0,
	0,1,0,0,0,
	0,0,1,0,0, //
	0,0,1,0,0,
	0,0,1,0,0, 
	0,0,1,0,0,
	0,0,1,0,0,
	0,0,0,1,0, //
	0,0,0,1,0,
	0,0,0,1,0, 
	0,0,0,1,0,
	0,0,0,1,0,
	0,0,0,0,1, //
	0,0,0,0,1,
	0,0,0,0,1, 
	0,0,0,0,1,
	0,0,0,0,1,

	1,1,1,1,1, //
	0,0,0,0,0,
	0,0,0,0,0, 
	0,0,0,0,0,
	0,0,0,0,0,
	0,0,0,0,0, //
	1,1,1,1,1, 
	0,0,0,0,0, 
	0,0,0,0,0,
	0,0,0,0,0,
	0,0,0,0,0, //
	0,0,0,0,0,
	1,1,1,1,1, 
	0,0,0,0,0, 
	0,0,0,0,0,
	0,0,0,0,0, //
	0,0,0,0,0,
	0,0,0,0,0, 
	1,1,1,1,1, 
	0,0,0,0,0,
	0,0,0,0,0, //
	0,0,0,0,0, 
	0,0,0,0,0,
	0,0,0,0,0,
	1,1,1,1,1, 

	0,0,0,0,1, //
	0,0,0,1,0, 
	0,0,1,0,0,
	0,1,0,0,0,
	1,0,0,0,0,
	1,0,0,0,0, //
	0,1,0,0,0, 
	0,0,1,0,0,
	0,0,0,1,0,
	0,0,0,0,1,

	1,1,0,0,0, //
	1,1,0,0,0, 
	0,0,0,0,0,
	0,0,0,0,0,
	0,0,0,0,0,
	0,0,0,1,1, //
	0,0,0,1,1, 
	0,0,0,0,0,
	0,0,0,0,0,
	0,0,0,0,0,
	0,0,0,0,0, //
	0,0,0,0,0, 
	0,0,0,0,0,
	0,0,0,1,1,
	0,0,0,1,1,
	0,0,0,0,0, //
	0,0,0,0,0, 
	0,0,0,0,0,
	1,1,0,0,0,
	1,1,0,0,0,

	1,0,0,0,1, //
	0,0,0,0,0, 
	0,0,0,0,0,
	0,0,0,0,0,
	1,0,0,0,1,

	0,0,0,0,0, //
	0,1,0,1,0, 
	0,0,0,0,0,
	0,1,0,1,0,
	0,0,0,0,0,

	0,0,0,0,0, //
	0,0,1,0,0, 
	0,1,0,1,0,
	0,0,1,0,0,
	0,0,0,0,0,
100 };

BYTE SM_693[] = {
	// LINE
	1,1,1,1,1, //
	0,0,0,0,0, 
	0,0,0,0,0,
	0,0,0,0,0,
	0,0,0,0,0,
	0,0,0,0,0, //
	1,1,1,1,1, 
	0,0,0,0,0,
	0,0,0,0,0,
	0,0,0,0,0,
	0,0,0,0,0, //
	0,0,0,0,0, 
	1,1,1,1,1,
	0,0,0,0,0,
	0,0,0,0,0,
	0,0,0,0,0, //
	0,0,0,0,0, 
	0,0,0,0,0,
	1,1,1,1,1,
	0,0,0,0,0,
	0,0,0,0,0, //
	0,0,0,0,0, 
	0,0,0,0,0,
	0,0,0,0,0,
	1,1,1,1,1,
	1,0,0,0,0, //
	1,0,0,0,0, 
	1,0,0,0,0,
	1,0,0,0,0,
	1,0,0,0,0,
	0,1,0,0,0, //
	0,1,0,0,0, 
	0,1,0,0,0,
	0,1,0,0,0,
	0,1,0,0,0,
	0,0,1,0,0, //
	0,0,1,0,0, 
	0,0,1,0,0,
	0,0,1,0,0,
	0,0,1,0,0,
	0,0,0,1,0, //
	0,0,0,1,0, 
	0,0,0,1,0,
	0,0,0,1,0,
	0,0,0,1,0,
	0,0,0,0,1, //
	0,0,0,0,1, 
	0,0,0,0,1,
	0,0,0,0,1,
	0,0,0,0,1,
	1,0,0,0,0, //
	0,1,0,0,0, 
	0,0,1,0,0,
	0,0,0,1,0,
	0,0,0,0,1,
	0,0,0,0,1, //
	0,0,0,1,0, 
	0,0,1,0,0,
	0,1,0,0,0,
	1,0,0,0,0,	
	
	// Outside Corner
	1,0,0,0,1, //
	0,0,0,0,0, 
	0,0,0,0,0,
	0,0,0,0,0,
	1,0,0,0,1,	
	
	// Corner Stamp
	1,1,0,0,0, //
	1,1,0,0,0, 
	0,0,0,0,0,
	0,0,0,0,0,
	0,0,0,0,0,												
	0,0,0,1,1, //
	0,0,0,1,1, 
	0,0,0,0,0,
	0,0,0,0,0,
	0,0,0,0,0,
	0,0,0,0,0, //
	0,0,0,0,0, 
	0,0,0,0,0,
	0,0,0,1,1,
	0,0,0,1,1,
	0,0,0,0,0, //
	0,0,0,0,0, 
	0,0,0,0,0,
	1,1,0,0,0,
	1,1,0,0,0,			
100 };
