MULTILIST SM_052[] = {
 { hardway, 1 } ,
 { easy, 1 } ,
 { 0, 0 } ,
};
ORLIST SM_067[] = {
 { 0, awsl4corn,awsl4corn,NULL},
 { 0, inside_frame,NULL,NULL},
 { -1, NULL,NULL,NULL},
};
BYTE SM_068[] = {
	1,0,0,0,0, //
	1,0,0,0,0,
	1,0,0,0,0,
	1,0,0,0,0,
	1,0,0,0,0,
	0,1,0,0,0, //
	0,1,0,0,0,
	0,1,0,0,0,
	0,1,0,0,0,
	0,1,0,0,0,
	0,0,1,0,0, //
	0,0,1,0,0,
	0,0,1,0,0,
	0,0,1,0,0,
	0,0,1,0,0,
	0,0,0,1,0, //
	0,0,0,1,0,
	0,0,0,1,0,
	0,0,0,1,0,
	0,0,0,1,0,
	0,0,0,0,1, //
	0,0,0,0,1,
	0,0,0,0,1,
	0,0,0,0,1,
	0,0,0,0,1,
	1,1,1,1,1, //
	0,0,0,0,0,
	0,0,0,0,0,
	0,0,0,0,0,
	0,0,0,0,0,
	0,0,0,0,0, //
	1,1,1,1,1,
	0,0,0,0,0,
	0,0,0,0,0,
	0,0,0,0,0,
	0,0,0,0,0, //
	0,0,0,0,0,
	1,1,1,1,1,
	0,0,0,0,0,
	0,0,0,0,0,
	0,0,0,0,0, //
	0,0,0,0,0,
	0,0,0,0,0,
	1,1,1,1,1,
	0,0,0,0,0,
	0,0,0,0,0, //
	0,0,0,0,0,
	0,0,0,0,0,
	0,0,0,0,0,
	1,1,1,1,1,
	1,0,0,0,0, //
	0,1,0,0,0,
	0,0,1,0,0,
	0,0,0,1,0,
	0,0,0,0,1,
	0,0,0,0,1, //
	0,0,0,1,0,
	0,0,1,0,0,
	0,1,0,0,0,
	1,0,0,0,0,
 0,0,0,0,0,
 0,1,1,1,0,
 0,1,0,1,0,
 0,1,1,1,0,
 0,0,0,0,0,
100 };
BYTE SM_069[] = {
 0,0,0,0,0,
 0,1,1,1,0,
 0,1,0,1,0,
 0,1,1,1,0,
 0,0,0,0,0,
	1,1,1,1,1,
	1,0,0,0,1,
	1,0,0,0,1,
	1,0,0,0,1,
	1,1,1,1,1,
100 };
BYTE SM_074[] = {
 1,0,0,0,1,
 0,0,1,0,0,
 0,1,0,1,0,
 0,0,1,0,0,
 1,0,0,0,1,
100 };
BYTE SM_075[] = {
 1,1,1,1,1,
 0,1,0,1,0,
 0,0,1,0,0,
 0,1,0,1,0,
 1,0,0,0,1,
100 };
BYTE SM_076[] = {
 0,0,1,0,0,
 0,1,1,1,0,
 1,1,1,1,1,
 0,0,0,0,0,
 0,0,0,0,0,
100 };
BYTE SM_077[] = {
 1,1,1,1,1,
 0,0,0,0,0,
 0,0,0,0,0,
 0,0,0,0,0,
 1,1,1,1,1,
100 };
BYTE SM_078[] = {
 1,0,0,0,1,
 1,1,0,1,1,
 1,0,1,0,1,
 1,1,0,1,1,
 1,0,0,0,1,
100 };
BYTE SM_079[] = {
	1,0,0,0,0, //
	1,0,0,0,0,
	1,0,0,0,0,
	1,0,0,0,0,
	1,0,0,0,0,
	0,1,0,0,0, //
	0,1,0,0,0,
	0,1,0,0,0,
	0,1,0,0,0,
	0,1,0,0,0,
	0,0,0,1,0, //
	0,0,0,1,0,
	0,0,0,1,0,
	0,0,0,1,0,
	0,0,0,1,0,
	0,0,0,0,1, //
	0,0,0,0,1,
	0,0,0,0,1,
	0,0,0,0,1,
	0,0,0,0,1,
	1,1,1,1,1, //
	0,0,0,0,0,
	0,0,0,0,0,
	0,0,0,0,0,
	0,0,0,0,0,
	0,0,0,0,0, //
	1,1,1,1,1,
	0,0,0,0,0,
	0,0,0,0,0,
	0,0,0,0,0,
	0,0,0,0,0, //
	0,0,0,0,0,
	0,0,0,0,0,
	1,1,1,1,1,
	0,0,0,0,0,
	0,0,0,0,0, //
	0,0,0,0,0,
	0,0,0,0,0,
	0,0,0,0,0,
	1,1,1,1,1,
 1,0,0,0,1,
 0,0,0,0,0,
 0,0,0,0,0,
 0,0,0,0,0,
 1,0,0,0,1,
100 };
BYTE SM_080[] = {
	0,0,0,0,0, //
	1,1,1,0,0,
	1,1,1,0,0,
	0,0,0,0,0,
	0,0,0,0,0,
	0,0,0,0,0, //
	0,1,1,1,0,
	0,1,1,1,0,
	0,0,0,0,0,
	0,0,0,0,0,
	0,0,0,0,0, //
	0,0,1,1,1,
	0,0,1,1,1,
	0,0,0,0,0,
	0,0,0,0,0,
	0,0,0,0,0, //
	0,0,0,0,0,
	1,1,1,0,0,
	1,1,1,0,0,
	0,0,0,0,0,
	0,0,0,0,0, //
	0,0,0,0,0,
	0,1,1,1,0,
	0,1,1,1,0,
	0,0,0,0,0,
	0,0,0,0,0, //
	0,0,0,0,0,
	0,0,1,1,1,
	0,0,1,1,1,
	0,0,0,0,0,
	0,1,1,0,0, //
	0,1,1,0,0,
	0,1,1,0,0,
	0,0,0,0,0,
	0,0,0,0,0,
	0,0,1,1,0, //
	0,0,1,1,0,
	0,0,1,1,0,
	0,0,0,0,0,
	0,0,0,0,0,
	0,0,0,0,0, //
	0,1,1,0,0,
	0,1,1,0,0,
	0,1,1,0,0,
	0,0,0,0,0,
	0,0,0,0,0, //
	0,0,1,1,0,
	0,0,1,1,0,
	0,0,1,1,0,
	0,0,0,0,0,
	0,0,0,0,0, //
	0,0,0,0,0,
	0,1,1,0,0,
	0,1,1,0,0,
	0,1,1,0,0,
	0,0,0,0,0, //
	0,0,0,0,0,
	0,0,1,1,0,
	0,0,1,1,0,
	0,0,1,1,0,
100 };
BYTE SM_081[] = {
 0,0,0,0,1,
 0,0,0,1,0,
 1,0,1,0,0,
 1,1,0,0,0,
 1,1,1,0,0,
100 };
MULTILIST SM_082[] = {
 { any_stamp, 1 } ,
 { any_stamp, 1 } ,
 { 0, 0 } ,
};
BYTE SM_083[] = {
 1,1,1,0,0,	//
 1,1,1,0,0,
 1,1,1,0,0,
 0,1,0,0,0,
 0,1,0,0,1,
 1,1,1,0,1,	//
 1,1,1,0,0,
 1,1,1,0,0,
 0,1,0,0,0,
 0,1,0,0,0,
100 };
BYTE SM_084[] = {
 0,0,0,0,0,
 1,1,1,1,1,
 0,0,0,0,0,
 0,0,0,0,0,
 0,0,0,0,0,
100 };
BYTE SM_085[] = {
 1,0,0,0,1,	//
 0,0,1,0,0,
 0,1,1,1,0,
 0,0,1,0,0,
 0,0,0,0,0,
 1,0,0,0,0,	//
 0,0,1,0,0,
 0,1,1,1,0,
 0,0,1,0,0,
 0,0,0,0,1,
 1,0,0,0,0,	//
 0,0,1,0,0,
 0,1,1,1,0,
 0,0,1,0,0,
 1,0,0,0,0,
 0,0,0,0,1,	//
 0,0,1,0,0,
 0,1,1,1,0,
 0,0,1,0,0,
 0,0,0,0,1,
 0,0,0,0,1,	//
 0,0,1,0,0,
 0,1,1,1,0,
 0,0,1,0,0,
 1,0,0,0,0,
 0,0,0,0,0,	//
 0,0,1,0,0,
 0,1,1,1,0,
 0,0,1,0,0,
 1,0,0,0,1,
100 };
BYTE SM_086[] = {
 1,1,1,1,1,	//
 0,0,1,0,0,
 0,0,1,0,0,
 0,0,1,0,0,
 1,1,1,1,1,
 1,0,0,0,1,	//
 1,0,0,0,1,
 1,1,1,1,1,
 1,0,0,0,1,
 1,0,0,0,1,
100 };
#if 0
MULTILIST SM_087[] = {
 { awsl, 1 } ,
 { any_stamp, 1 } ,
 { 0, 0 } ,
};
#else
BYTE SM_087[] = {
	1,0,0,0,0, //
	1,0,0,0,0,
	1,0,0,0,0,
	1,0,0,0,0,
	1,0,0,0,0,
	0,1,0,0,0, //
	0,1,0,0,0,
	0,1,0,0,0,
	0,1,0,0,0,
	0,1,0,0,0,
	0,0,1,0,0, //
	0,0,1,0,0,
	0,0,1,0,0,
	0,0,1,0,0,
	0,0,1,0,0,
	0,0,0,1,0, //
	0,0,0,1,0,
	0,0,0,1,0,
	0,0,0,1,0,
	0,0,0,1,0,
	0,0,0,0,1, //
	0,0,0,0,1,
	0,0,0,0,1,
	0,0,0,0,1,
	0,0,0,0,1,
	1,1,1,1,1, //
	0,0,0,0,0,
	0,0,0,0,0,
	0,0,0,0,0,
	0,0,0,0,0,
	0,0,0,0,0, //
	1,1,1,1,1,
	0,0,0,0,0,
	0,0,0,0,0,
	0,0,0,0,0,
	0,0,0,0,0, //
	0,0,0,0,0,
	1,1,1,1,1,
	0,0,0,0,0,
	0,0,0,0,0,
	0,0,0,0,0, //
	0,0,0,0,0,
	0,0,0,0,0,
	1,1,1,1,1,
	0,0,0,0,0,
	0,0,0,0,0, //
	0,0,0,0,0,
	0,0,0,0,0,
	0,0,0,0,0,
	1,1,1,1,1,
	1,0,0,0,0, //
	0,1,0,0,0,
	0,0,1,0,0,
	0,0,0,1,0,
	0,0,0,0,1,
	0,0,0,0,1, //
	0,0,0,1,0,
	0,0,1,0,0,
	0,1,0,0,0,
	1,0,0,0,0,
'X',
	1,1,0,0,0, //
	1,1,0,0,0,
	0,0,0,0,0,
	0,0,0,0,0,
	0,0,0,0,0,
	0,1,1,0,0, //
	0,1,1,0,0,
	0,0,0,0,0,
	0,0,0,0,0,
	0,0,0,0,0,
	0,0,1,1,0, //
	0,0,1,1,0,
	0,0,0,0,0,
	0,0,0,0,0,
	0,0,0,0,0,
	0,0,0,1,1, //
	0,0,0,1,1,
	0,0,0,0,0,
	0,0,0,0,0,
	0,0,0,0,0,
	0,0,0,0,0, //
	1,1,0,0,0,
	1,1,0,0,0,
	0,0,0,0,0,
	0,0,0,0,0,
	0,0,0,0,0, //
	0,1,1,0,0,
	0,1,1,0,0,
	0,0,0,0,0,
	0,0,0,0,0,
	0,0,0,0,0, //
	0,0,1,1,0,
	0,0,1,1,0,
	0,0,0,0,0,
	0,0,0,0,0,
	0,0,0,0,0, //
	0,0,0,1,1,
	0,0,0,1,1,
	0,0,0,0,0,
	0,0,0,0,0,
	0,0,0,0,0, //
	0,0,0,0,0,
	1,1,0,0,0,
	1,1,0,0,0,
	0,0,0,0,0,
	0,0,0,0,0, //
	0,0,0,0,0,
	0,1,1,0,0,
	0,1,1,0,0,
	0,0,0,0,0,
	0,0,0,0,0, //
	0,0,0,0,0,
	0,0,1,1,0,
	0,0,1,1,0,
	0,0,0,0,0,
	0,0,0,0,0, //
	0,0,0,0,0,
	0,0,0,1,1,
	0,0,0,1,1,
	0,0,0,0,0,
	0,0,0,0,0, //
	0,0,0,0,0,
	0,0,0,0,0,
	1,1,0,0,0,
	1,1,0,0,0,
	0,0,0,0,0, //
	0,0,0,0,0,
	0,0,0,0,0,
	0,1,1,0,0,
	0,1,1,0,0,
	0,0,0,0,0, //
	0,0,0,0,0,
	0,0,0,0,0,
	0,0,1,1,0,
	0,0,1,1,0,
	0,0,0,0,0, //
	0,0,0,0,0,
	0,0,0,0,0,
	0,0,0,1,1,
	0,0,0,1,1,
100 };

#endif
BYTE SM_088[] = {
 0,0,1,0,0,
 0,0,1,0,0,
 1,1,1,1,1,
 0,0,1,0,0,
 0,0,1,0,0,
100 };
BYTE SM_089[] = {
 1,0,0,0,0,
 1,0,0,0,0,
 1,0,0,0,0,
 1,0,0,0,0,
 1,1,1,1,1,
100 };
ANDLIST SM_090[] = {
 { NOOV, corner_stamp,corner_stamp,NULL},
 { 0, awsl,NULL,NULL},
 { -1, NULL,NULL,NULL},
};
BYTE SM_091[] = {
	1,0,0,0,0, //
	1,0,0,0,0,
	1,0,0,0,0,
	1,0,0,0,0,
	1,0,0,0,0,
	0,1,0,0,0, //
	0,1,0,0,0,
	0,1,0,0,0,
	0,1,0,0,0,
	0,1,0,0,0,
	0,0,0,1,0, //
	0,0,0,1,0,
	0,0,0,1,0,
	0,0,0,1,0,
	0,0,0,1,0,
	0,0,0,0,1, //
	0,0,0,0,1,
	0,0,0,0,1,
	0,0,0,0,1,
	0,0,0,0,1,
	1,1,1,1,1, //
	0,0,0,0,0,
	0,0,0,0,0,
	0,0,0,0,0,
	0,0,0,0,0,
	0,0,0,0,0, //
	1,1,1,1,1,
	0,0,0,0,0,
	0,0,0,0,0,
	0,0,0,0,0,
	0,0,0,0,0, //
	0,0,0,0,0,
	0,0,0,0,0,
	1,1,1,1,1,
	0,0,0,0,0,
	0,0,0,0,0, //
	0,0,0,0,0,
	0,0,0,0,0,
	0,0,0,0,0,
	1,1,1,1,1,
100 };
BYTE SM_092[] = {
	1,1,0,0,1, //
	1,1,0,0,0,
	0,0,0,0,0,
	0,0,0,0,0,
	1,0,0,0,1,
	1,0,0,1,1, //
	0,0,0,1,1,
	0,0,0,0,0,
	0,0,0,0,0,
	1,0,0,0,1,
	1,0,0,0,1, //
	0,0,0,0,0,
	0,0,0,0,0,
	0,0,0,1,1,
	1,0,0,1,1,
	1,0,0,0,1, //
	0,0,0,0,0,
	0,0,0,0,0,
	1,1,0,0,0,
	1,1,0,0,1,
100 };
BYTE SM_093[] = {
 1,1,1,1,1,
 0,0,0,1,0,
 0,0,1,0,0,
 0,1,0,0,0,
 1,1,1,1,1,
100 };
BYTE SM_094[] = {
 1,0,0,0,0,	//
 0,1,0,1,0,
 0,0,1,0,0,
 0,1,0,1,0,
 0,0,0,0,1,
 0,0,0,0,1,	//
 0,1,0,1,0,
 0,0,1,0,0,
 0,1,0,1,0,
 1,0,0,0,0,
100 };
BYTE SM_095[] = {
 0,0,1,1,1,	//
 0,0,1,1,1,
 0,0,1,1,1,
 0,1,0,0,0,
 1,0,0,0,0,
 1,1,1,0,0,	//
 1,1,1,0,0,
 1,1,1,0,0,
 0,0,0,1,0,
 0,0,0,0,1,
100 };
BYTE SM_096[] = {
 1,1,0,1,1,
 1,1,0,1,1,
 0,0,0,0,0,
 1,1,0,1,1,
 1,1,0,1,1,
100 };
BYTE SM_097[] = {
 1,1,1,0,0,	//
 1,1,1,0,0,
 1,1,1,0,0,
 1,1,1,0,0,
 0,0,0,0,0,
	0,1,1,1,0, //
	0,1,1,1,0,
	0,1,1,1,0,
	0,1,1,1,0,
	0,0,0,0,0,
	0,0,1,1,1, //
	0,0,1,1,1,
	0,0,1,1,1,
	0,0,1,1,1,
	0,0,0,0,0,
	0,0,0,0,0, //
	1,1,1,0,0,
	1,1,1,0,0,
	1,1,1,0,0,
	1,1,1,0,0,
	0,0,0,0,0, //
	0,1,1,1,0,
	0,1,1,1,0,
	0,1,1,1,0,
	0,1,1,1,0,
	0,0,0,0,0, //
	0,0,1,1,1,
	0,0,1,1,1,
	0,0,1,1,1,
	0,0,1,1,1,
	1,1,1,1,0, //
	1,1,1,1,0,
	1,1,1,1,0,
	0,0,0,0,0,
	0,0,0,0,0,
	0,1,1,1,1, //
	0,1,1,1,1,
	0,1,1,1,1,
	0,0,0,0,0,
	0,0,0,0,0,
	0,0,0,0,0, //
	1,1,1,1,0,
	1,1,1,1,0,
	1,1,1,1,0,
	0,0,0,0,0,
	0,0,0,0,0, //
	0,1,1,1,1,
	0,1,1,1,1,
	0,1,1,1,1,
	0,0,0,0,0,
	0,0,0,0,0, //
	0,0,0,0,0,
	1,1,1,1,0,
	1,1,1,1,0,
	1,1,1,1,0,
	0,0,0,0,0, //
	0,0,0,0,0,
	0,1,1,1,1,
	0,1,1,1,1,
	0,1,1,1,1,
100 };
BYTE SM_098[] = {
	1,1,1,1,1, //
	0,0,1,0,0,
	0,0,1,0,0,
	0,0,1,0,0,
	0,0,1,0,0,
	0,0,0,0,1, //
	0,0,0,0,1,
	1,1,1,1,1,
	0,0,0,0,1,
	0,0,0,0,1,
	0,0,1,0,0, //
	0,0,1,0,0,
	0,0,1,0,0,
	0,0,1,0,0,
	1,1,1,1,1,
	1,0,0,0,0, //
	1,0,0,0,0,
	1,1,1,1,1,
	1,0,0,0,0,
	1,0,0,0,0,
	1,0,0,0,0, //
	1,0,0,0,0,
	1,0,0,0,0,
	1,0,0,0,0,
	1,1,1,1,1,
	1,1,1,1,1, //
	1,0,0,0,0,
	1,0,0,0,0,
	1,0,0,0,0,
	1,0,0,0,0,
	1,1,1,1,1, //
	0,0,0,0,1,
	0,0,0,0,1,
	0,0,0,0,1,
	0,0,0,0,1,
	0,0,0,0,1, //
	0,0,0,0,1,
	0,0,0,0,1,
	0,0,0,0,1,
	1,1,1,1,1,
100 };

MULTILIST SM_099[] = {
 { awsl, 1 } ,
 { corner_stamp, 1 } ,
 { 0, 0 } ,
};

