BYTE SM_801[] = {
	1,0,0,0,0, //
	1,0,0,0,0,
	1,0,0,0,0,
	1,0,0,0,0,
	1,0,0,0,0,
	0,1,0,0,0, //
	0,1,0,0,0,
	0,1,0,0,0,
	0,1,0,0,0,
	0,1,0,0,0,
	0,0,1,0,0, //
	0,0,1,0,0,
	0,0,1,0,0,
	0,0,1,0,0,
	0,0,1,0,0,
	0,0,0,1,0, //
	0,0,0,1,0,
	0,0,0,1,0,
	0,0,0,1,0,
	0,0,0,1,0,
	0,0,0,0,1, //
	0,0,0,0,1,
	0,0,0,0,1,
	0,0,0,0,1,
	0,0,0,0,1,
	1,1,1,1,1, //
	0,0,0,0,0,
	0,0,0,0,0,
	0,0,0,0,0,
	0,0,0,0,0,
	0,0,0,0,0, //
	1,1,1,1,1,
	0,0,0,0,0,
	0,0,0,0,0,
	0,0,0,0,0,
	0,0,0,0,0, //
	0,0,0,0,0,
	1,1,1,1,1,
	0,0,0,0,0,
	0,0,0,0,0,
	0,0,0,0,0, //
	0,0,0,0,0,
	0,0,0,0,0,
	1,1,1,1,1,
	0,0,0,0,0,
	0,0,0,0,0, //
	0,0,0,0,0,
	0,0,0,0,0,
	0,0,0,0,0,
	1,1,1,1,1,
	1,0,0,0,0, //
	0,1,0,0,0,
	0,0,1,0,0,
	0,0,0,1,0,
	0,0,0,0,1,
	0,0,0,0,1, //
	0,0,0,1,0,
	0,0,1,0,0,
	0,1,0,0,0,
	1,0,0,0,0,
100 };

BYTE SM_802[] = {
 1,1,1,1,1,
 1,1,1,1,1,
 1,1,1,1,1,
 1,1,1,1,1,
 1,1,1,1,1,
100 };

BYTE SM_803[] = {
	1,0,0,0,0, //
	1,0,0,0,0,
	1,0,0,0,0,
	1,0,0,0,0,
	1,0,0,0,0,
	0,1,0,0,0, //
	0,1,0,0,0,
	0,1,0,0,0,
	0,1,0,0,0,
	0,1,0,0,0,
	0,0,1,0,0, //
	0,0,1,0,0,
	0,0,1,0,0,
	0,0,1,0,0,
	0,0,1,0,0,
	0,0,0,1,0, //
	0,0,0,1,0,
	0,0,0,1,0,
	0,0,0,1,0,
	0,0,0,1,0,
	0,0,0,0,1, //
	0,0,0,0,1,
	0,0,0,0,1,
	0,0,0,0,1,
	0,0,0,0,1,
	1,1,1,1,1, //
	0,0,0,0,0,
	0,0,0,0,0,
	0,0,0,0,0,
	0,0,0,0,0,
	0,0,0,0,0, //
	1,1,1,1,1,
	0,0,0,0,0,
	0,0,0,0,0,
	0,0,0,0,0,
	0,0,0,0,0, //
	0,0,0,0,0,
	1,1,1,1,1,
	0,0,0,0,0,
	0,0,0,0,0,
	0,0,0,0,0, //
	0,0,0,0,0,
	0,0,0,0,0,
	1,1,1,1,1,
	0,0,0,0,0,
	0,0,0,0,0, //
	0,0,0,0,0,
	0,0,0,0,0,
	0,0,0,0,0,
	1,1,1,1,1,
	1,0,0,0,0, //
	0,1,0,0,0,
	0,0,1,0,0,
	0,0,0,1,0,
	0,0,0,0,1,
	0,0,0,0,1, //
	0,0,0,1,0,
	0,0,1,0,0,
	0,1,0,0,0,
	1,0,0,0,0,
#if 0
	1,0,0,0,1, //
	0,0,0,0,0,
	0,0,0,0,0,
	0,0,0,0,0,
	1,0,0,0,1,
#endif
'x',
	1,1,0,0,0, //
	1,1,0,0,0,
	0,0,0,0,0,
	0,0,0,0,0,
	0,0,0,0,0,
	0,0,0,1,1, //
	0,0,0,1,1,
	0,0,0,0,0,
	0,0,0,0,0,
	0,0,0,0,0,
	0,0,0,0,0, //
	0,0,0,0,0,
	0,0,0,0,0,
	0,0,0,1,1,
	0,0,0,1,1,
	0,0,0,0,0, //
	0,0,0,0,0,
	0,0,0,0,0,
	1,1,0,0,0,
	1,1,0,0,0,
100 };
BYTE SM_804[] = {
	1,1,0,0,0, //
	1,0,0,0,0,
	1,0,0,0,0,
	1,0,0,0,0,
	0,0,0,0,0,
	1,1,1,0,0, //
	1,0,0,0,0,
	1,0,0,0,0,
	0,0,0,0,0,
	0,0,0,0,0,
	1,1,1,1,0, //
	1,0,0,0,0,
	0,0,0,0,0,
	0,0,0,0,0,
	0,0,0,0,0,
	0,1,1,1,1, //
	0,0,0,0,1,
	0,0,0,0,0,
	0,0,0,0,0,
	0,0,0,0,0,
	0,0,1,1,1, //
	0,0,0,0,1,
	0,0,0,0,1,
	0,0,0,0,0,
	0,0,0,0,0,
	0,0,0,1,1, //
	0,0,0,0,1,
	0,0,0,0,1,
	0,0,0,0,1,
	0,0,0,0,0,
	0,0,0,0,0, //
	0,0,0,0,1,
	0,0,0,0,1,
	0,0,0,0,1,
	0,0,0,1,1,
	0,0,0,0,0, //
	0,0,0,0,0,
	0,0,0,0,1,
	0,0,0,0,1,
	0,0,1,1,1,
	0,0,0,0,0, //
	0,0,0,0,0,
	0,0,0,0,0,
	0,0,0,0,1,
	0,1,1,1,1,
	0,0,0,0,0, //
	0,0,0,0,0,
	0,0,0,0,0,
	1,0,0,0,0,
	1,1,1,1,0,
	0,0,0,0,0, //
	0,0,0,0,0,
	1,0,0,0,0,
	1,0,0,0,0,
	1,1,1,0,0,
	0,0,0,0,0, //
	1,0,0,0,0,
	1,0,0,0,0,
	1,0,0,0,0,
	1,1,0,0,0,
100 };
BYTE SM_805[] = {
 1,1,0,0,1,
 0,1,0,0,0,
 0,1,1,0,0,
 0,1,0,0,0,
 1,1,0,0,1,
100 };
BYTE SM_806[] = {
 0,0,0,0,0,
 1,1,1,0,0,
 1,1,1,0,0,
 1,1,1,0,0,
 0,0,0,0,0,
100 };
BYTE SM_807[] = {
 1,0,0,0,0,
 1,1,1,1,1,
 1,0,1,0,0,
 1,0,0,0,0,
 1,0,0,0,0,
100 };
BYTE SM_808[] = {
 0,0,0,1,0,
 1,0,1,0,1,
 0,1,0,0,0,
 1,1,0,0,1,
 0,0,1,1,0,
100 };
BYTE SM_809[] = {
 1,1,0,0,0,
 1,1,0,0,0,
 0,0,1,0,0,
 0,0,0,1,1,
 0,0,0,1,1,
100 };
BYTE SM_810[] = {
 1,1,1,0,0,	//
 0,0,0,0,0,
 0,0,0,0,0,
 0,0,0,0,0,
 0,0,0,0,0,
 1,1,0,1,0,	//
 0,0,0,0,0,
 0,0,0,0,0,
 0,0,0,0,0,
 0,0,0,0,0,
 1,1,0,0,1,	//
 0,0,0,0,0,
 0,0,0,0,0,
 0,0,0,0,0,
 0,0,0,0,0,
 0,1,1,1,0,	//
 0,0,0,0,0,
 0,0,0,0,0,
 0,0,0,0,0,
 0,0,0,0,0,
 0,1,1,0,1,	//
 0,0,0,0,0,
 0,0,0,0,0,
 0,0,0,0,0,
 0,0,0,0,0,
 0,0,1,1,1,	//
 0,0,0,0,0,
 0,0,0,0,0,
 0,0,0,0,0,
 0,0,0,0,0,
'x',
 0,0,0,0,0,	//
 0,0,0,0,0,
 0,0,0,0,0,
 0,0,0,0,0,
 1,1,1,0,0,
 0,0,0,0,0,	//
 0,0,0,0,0,
 0,0,0,0,0,
 0,0,0,0,0,
 1,1,0,1,0,
 0,0,0,0,0,	//
 0,0,0,0,0,
 0,0,0,0,0,
 0,0,0,0,0,
 1,1,0,0,1,
 0,0,0,0,0,	//
 0,0,0,0,0,
 0,0,0,0,0,
 0,0,0,0,0,
 0,1,1,1,0,
 0,0,0,0,0,	//
 0,0,0,0,0,
 0,0,0,0,0,
 0,0,0,0,0,
 0,1,1,0,1,
 0,0,0,0,0,	//
 0,0,0,0,0,
 0,0,0,0,0,
 0,0,0,0,0,
 0,0,1,1,1,
100 };
BYTE SM_811[] = {
 1,0,0,0,1,
 0,0,0,0,0,
 0,0,1,0,0,
 0,1,1,0,0,
 1,1,1,0,1,
100 };
BYTE SM_812[] = {
 1,1,1,1,1,
 1,0,0,0,1,
 1,0,1,0,1,
 1,0,0,0,0,
 1,1,1,1,1,
100 };
BYTE SM_813[] = {
 0,0,0,0,0,
 1,1,1,1,1,
 0,0,1,0,0,
 0,0,0,0,0,
 1,1,1,1,1,
100 };

BYTE SM_815[] = {
 1,1,1,1,1,
 1,1,1,1,1,
 1,1,1,1,1,
 1,1,1,1,1,
 1,1,1,1,1,
100 };
BYTE SM_816[] = {
 1,1,1,1,1,
 1,0,0,1,0,
 1,0,1,0,0,
 1,1,0,0,0,
 1,0,0,0,0,
100 };

BYTE SM_818[] = {
	1,1,1,1,1, //
	1,1,1,1,1,
	1,1,1,1,1,
	0,0,0,0,0,
	0,0,0,0,0,
	0,0,0,0,0, //
	1,1,1,1,1,
	1,1,1,1,1,
	1,1,1,1,1,
	0,0,0,0,0,
	0,0,0,0,0, //
	0,0,0,0,0,
	1,1,1,1,1,
	1,1,1,1,1,
	1,1,1,1,1,
100 };

BYTE SM_836[] = {
	1,1,1,0,0, //
	1,1,1,0,1,
	1,1,1,0,0,
	0,1,0,0,0,
	0,1,0,0,0,
100 };

BYTE SM_840[] = {
	1,1,0,0,0, //
	0,1,0,0,1,
	0,1,1,1,0,
	0,1,0,1,0,
	0,1,0,1,0,
100 };

BYTE SM_841[] = {
	1,1,0,1,1, //
	1,1,0,1,1,
	0,0,1,0,0,
	1,0,0,0,1,
	1,1,1,1,1,
100 };

BYTE SM_843[] = {
	0,1,0,1,0, //
	1,0,1,0,1,
	1,0,0,0,1,
	0,1,1,1,0,
	0,0,1,0,0,
100 };

BYTE SM_846[] = {
	1,0,0,0,1, //
	0,0,0,0,0,
	0,0,0,0,0,
	0,0,0,0,0,
	1,0,0,0,1,
100 };

BYTE SM_847[] = {
	1,1,0,1,1, //
	1,1,0,1,1,
	1,1,0,1,1,
	1,1,0,1,1,
	1,1,0,1,1,
100 };

BYTE SM_850[] = {
	1,0,1,0,1, //
	0,1,1,1,0,
	1,1,1,1,1,
	0,1,1,1,0,
	1,0,1,0,1,
100 };

BYTE SM_851[] = {
	1,1,1,1,1, //
	1,0,0,0,1,
	1,1,1,1,1,
	1,0,0,0,1,
	1,0,0,0,1,
100 };

BYTE SM_852[] = {
	1,0,0,0,1, //
	0,1,1,1,0,
	0,1,0,1,0,
	0,1,1,1,0,
	1,0,0,0,1,
100 };

BYTE SM_854[] = {
	0,1,1,1,0, //
	1,0,0,0,1,
	1,0,0,0,1,
	1,0,0,0,1,
	0,1,1,1,0,
100 };

BYTE SM_855[] = {
	1,1,0,1,1, //
	1,1,1,1,1,
	0,1,1,1,0,
	1,1,1,1,1,
	1,1,0,1,1,
100 };


BYTE SM_857[] = {
	0,0,1,0,0, //
	0,1,1,1,0,
	1,1,1,1,1,
	0,1,1,1,0,
	0,0,1,0,0,
100 };

BYTE SM_868[] = {
	1,0,1,0,1, // DA Castle
	1,1,1,1,1,
	1,1,0,1,1,
	1,1,1,1,1,
	1,1,1,1,1,
100 };

BYTE SM_870[] = {
	0,0,1,0,0, // DA Letter A
	0,1,0,1,0,
	1,1,1,1,1,
	1,0,0,0,1,
	1,0,0,0,1,
100 };

BYTE SM_871[] = {
	1,1,1,1,1, // DA Letter G
	1,0,0,0,0,
	1,0,1,1,1,
	1,0,0,0,1,
	1,1,1,1,1,
100 };

BYTE SM_874[] = {
	1,0,0,0,1, // DA Letter U
	1,0,0,0,1,
	1,0,0,0,1,
	1,0,0,0,1,
	1,1,1,1,1,
100 };

BYTE SM_876[] = {
	1,1,1,1,1, // DA Number 7
	0,0,0,1,0,
	0,0,1,0,0,
	0,1,0,0,0,
	1,0,0,0,0,
100 };

BYTE SM_882[] = {
	1,0,0,0,0, // DA B or O
	1,0,0,0,0,
	1,0,0,0,0,
	1,0,0,0,0,
	1,0,0,0,0,
	0,0,0,0,1, //
	0,0,0,0,1,
	0,0,0,0,1,
	0,0,0,0,1,
	0,0,0,0,1,
100 };

BYTE SM_887[] = {
	1,1,1,1,1, // DA Top/Btm 2Rows
	1,1,1,1,1,
	0,0,0,0,0,
	0,0,0,0,0,
	0,0,0,0,0,
	0,0,0,0,0, //
	0,0,0,0,0,
	0,0,0,0,0,
	1,1,1,1,1,
	1,1,1,1,1,
100 };

BYTE SM_888[] = {
	1,1,1,0,0, // DA Crazy Arrow
	1,1,0,0,0,
	1,0,1,0,0,
	0,0,0,1,0,
	0,0,0,0,1,
	0,0,0,0,1, //
	0,0,0,1,0,
	1,0,1,0,0,
	1,1,0,0,0,
	1,1,1,0,0,
	1,0,0,0,0, //
	0,1,0,0,0,
	0,0,1,0,1,
	0,0,0,1,1,
	0,0,1,1,1,
	0,0,1,1,1, //
	0,0,0,1,1,
	0,0,1,0,1,
	0,1,0,0,0,
	1,0,0,0,0,
100 };

BYTE SM_889[] = {
	1,1,0,1,1, // DA Triple Stamp
	1,1,0,1,1,
	0,0,0,0,0,
	0,0,0,1,1,
	0,0,0,1,1,

	1,1,0,1,1, //
	1,1,0,1,1,
	0,0,0,0,0,
	1,1,0,0,0,
	1,1,0,0,0,

	1,1,0,0,0, //
	1,1,0,0,0,
	0,0,0,0,0,
	1,1,0,1,1,
	1,1,0,1,1,

	0,0,0,1,1, //
	0,0,0,1,1,
	0,0,0,0,0,
	1,1,0,1,1,
	1,1,0,1,1,
100 };

// "Gem: DA Hourglass
BYTE SM_891[] = {
	1,1,1,1,1, //
	0,1,1,1,0,
	0,0,1,0,0,
	0,1,1,1,0,
	1,1,1,1,1,
100 };

// "Gem: DA Lg Crazy Kite
BYTE SM_894[] = {
	1,1,1,0,0, //
	1,1,1,0,0,
	1,1,1,0,0,
	0,0,0,1,0,
	0,0,0,0,1,
100 };

// "Gem: DA Lg Letter S
BYTE SM_895[] = {
	1,1,1,1,1, //
	1,0,0,0,0,
	1,1,1,1,1,
	0,0,0,0,1,
	1,1,1,1,1,
100 };

// "Gem: DA 7-11
BYTE SM_896[] = {
	1,1,0,1,1, //
	0,1,0,1,1,
	0,1,0,1,1,
	0,1,0,1,1,
	0,1,0,1,1,
100 };

// "Gem: DA Hang The Caller
BYTE SM_898[] = {
	1,1,1,1,1, //
	0,1,0,0,1,
	1,1,1,0,1,
	0,1,0,0,1,
	1,0,1,0,1,
100 };

BYTE SM_899[] = {
	0,0,0,0,0, // DA Kaboom
	0,1,1,1,0,
	0,1,0,1,0,
	0,1,1,1,0,
	0,0,0,0,0,
	1,0,1,0,1, // 
	0,0,0,0,0,
	1,0,0,0,1,
	0,0,0,0,0,
	1,0,1,0,1,
100 };
