BYTE SM_100[] = {
	1,0,0,0,0, //
	1,0,0,0,0,
	1,0,0,0,0,
	1,0,0,0,0,
	1,0,0,0,0,
	0,1,0,0,0, //
	0,1,0,0,0,
	0,1,0,0,0,
	0,1,0,0,0,
	0,1,0,0,0,
	0,0,1,0,0, //
	0,0,1,0,0,
	0,0,1,0,0,
	0,0,1,0,0,
	0,0,1,0,0,
	0,0,0,1,0, //
	0,0,0,1,0,
	0,0,0,1,0,
	0,0,0,1,0,
	0,0,0,1,0,
	0,0,0,0,1, //
	0,0,0,0,1,
	0,0,0,0,1,
	0,0,0,0,1,
	0,0,0,0,1,
	1,1,1,1,1, //
	0,0,0,0,0,
	0,0,0,0,0,
	0,0,0,0,0,
	0,0,0,0,0,
	0,0,0,0,0, //
	1,1,1,1,1,
	0,0,0,0,0,
	0,0,0,0,0,
	0,0,0,0,0,
	0,0,0,0,0, //
	0,0,0,0,0,
	1,1,1,1,1,
	0,0,0,0,0,
	0,0,0,0,0,
	0,0,0,0,0, //
	0,0,0,0,0,
	0,0,0,0,0,
	1,1,1,1,1,
	0,0,0,0,0,
	0,0,0,0,0, //
	0,0,0,0,0,
	0,0,0,0,0,
	0,0,0,0,0,
	1,1,1,1,1,
	1,0,0,0,0, //
	0,1,0,0,0,
	0,0,1,0,0,
	0,0,0,1,0,
	0,0,0,0,1,
	0,0,0,0,1, //
	0,0,0,1,0,
	0,0,1,0,0,
	0,1,0,0,0,
	1,0,0,0,0,
	1,1,0,0,0, //
	1,1,0,0,0,
	0,0,0,0,0,
	0,0,0,0,0,
	0,0,0,0,0,
	0,0,0,1,1, //
	0,0,0,1,1,
	0,0,0,0,0,
	0,0,0,0,0,
	0,0,0,0,0,
	0,0,0,0,0, //
	0,0,0,0,0,
	0,0,0,0,0,
	0,0,0,1,1,
	0,0,0,1,1,
	0,0,0,0,0, //
	0,0,0,0,0,
	0,0,0,0,0,
	1,1,0,0,0,
	1,1,0,0,0,
100 };
BYTE SM_101[] = {
 1,1,0,0,0,	//
 1,1,0,0,0,
 0,0,1,0,0,
 0,0,0,1,1,
 0,0,0,1,1,
 0,0,0,1,1,	//
 0,0,0,1,1,
 0,0,1,0,0,
 1,1,0,0,0,
 1,1,0,0,0,
100 };
BYTE SM_102[] = {
 0,0,0,0,0,	//
 0,0,1,0,0,
 0,1,1,1,0,
 0,0,1,0,0,
 0,0,0,0,0,
 0,0,0,0,0,	//
 0,1,0,1,0,
 0,0,0,0,0,
 0,1,0,1,0,
 0,0,0,0,0,
100 };
BYTE SM_103[] = {
 0,1,0,1,0,
 0,1,0,1,0,
 0,1,0,1,0,
 0,1,0,1,0,
 0,1,0,1,0,
100 };
BYTE SM_105[] = {
 0,1,1,1,0,
 0,1,0,0,0,
 0,1,1,1,0,
 0,0,0,1,0,
 0,1,1,1,0,
100 };
BYTE SM_106[] = {
 1,1,1,1,1,	//
 0,0,0,0,0,
 1,1,1,1,1,
 0,0,0,0,0,
 0,0,0,0,0,
 1,1,1,1,1,	//
 0,0,0,0,0,
 0,0,0,0,0,
 0,0,0,0,0,
 1,1,1,1,1,
 0,0,0,0,0,	//
 0,0,0,0,0,
 1,1,1,1,1,
 0,0,0,0,0,
 1,1,1,1,1,
100 };
BYTE SM_107[] = {
	1,1,1,1,1, //
	0,0,0,0,1,
	0,0,0,0,1,
	0,0,0,0,1,
	0,0,0,0,1,
	1,1,1,1,1, //
	0,0,0,0,0,
	0,0,0,0,0,
	0,0,0,0,0,
	1,1,1,1,1,
	1,1,1,1,1, //
	1,0,0,0,0,
	1,0,0,0,0,
	1,0,0,0,0,
	1,0,0,0,0,
	0,0,0,0,1, //
	0,0,0,0,1,
	0,0,0,0,1,
	0,0,0,0,1,
	1,1,1,1,1,
	1,0,0,0,1, //
	1,0,0,0,1,
	1,0,0,0,1,
	1,0,0,0,1,
	1,0,0,0,1,
	1,0,0,0,0, //
	1,0,0,0,0,
	1,0,0,0,0,
	1,0,0,0,0,
	1,1,1,1,1,
100 };
BYTE SM_108[] = {
 1,1,1,1,1,
 0,0,0,0,1,
 0,0,0,0,1,
 0,0,0,0,1,
 1,1,1,1,1,
100 };
BYTE SM_109[] = {
 1,0,0,0,1,
 0,0,0,0,0,
 0,0,0,0,0,
 0,0,0,0,0,
 1,0,0,0,1,
100 };
BYTE SM_110[] = {
 0,1,1,1,0,
 1,1,1,1,1,
 1,1,1,1,1,
 1,1,1,1,1,
 0,1,1,1,0,
100 };
BYTE SM_111[] = {
 1,1,1,1,1,
 0,0,1,0,0,
 0,0,1,0,0,
 0,0,1,0,0,
 0,0,1,0,0,
100 };
MULTILIST SM_112[] = {
 { corner_stamp, 1 } ,
 { anycorner, 1 } ,
 { 0, 0 } ,
};
BYTE SM_113[] = {
	1,1,0,0,0, //
	1,1,0,1,0,
	0,0,0,0,0,
	0,1,0,1,0,
	0,0,0,0,0,
	0,0,0,1,1, //
	0,1,0,1,1,
	0,0,0,0,0,
	0,1,0,1,0,
	0,0,0,0,0,
	0,0,0,0,0, //
	0,1,0,1,0,
	0,0,0,0,0,
	0,1,0,1,1,
	0,0,0,1,1,
	0,0,0,0,0, //
	0,1,0,1,0,
	0,0,0,0,0,
	1,1,0,1,0,
	1,1,0,0,0,
100 };
BYTE SM_114[] = {
 0,0,1,0,0,
 0,1,1,1,0,
 1,1,1,1,1,
 0,1,1,1,0,
 0,0,1,0,0,
100 };
BYTE SM_115[] = {
 1,0,0,0,1,	//
 0,1,0,0,0,
 0,0,1,0,0,
 0,0,0,1,0,
 1,0,0,0,1,
 1,0,0,0,1,	//
 0,0,0,1,0,
 0,0,1,0,0,
 0,1,0,0,0,
 1,0,0,0,1,
100 };
BYTE SM_116[] = {
 0,0,0,0,1,	//
 0,0,0,1,0,
 0,0,1,0,0,
 0,1,0,0,0,
 1,1,1,1,1,
 1,0,0,0,0,	//
 0,1,0,0,0,
 0,0,1,0,0,
 0,0,0,1,0,
 1,1,1,1,1,
 1,1,1,1,1,	//
 0,0,0,1,0,
 0,0,1,0,0,
 0,1,0,0,0,
 1,0,0,0,0,
 1,1,1,1,1,	//
 0,1,0,0,0,
 0,0,1,0,0,
 0,0,0,1,0,
 0,0,0,0,1,
100 };
MULTILIST SM_117[] = {
 { hardway, 1 } ,
 { corner_stamp, 1 } ,
 { 0, 0 } ,
};
BYTE SM_118[] = {
 0,0,1,0,1,
 0,0,1,1,0,
 0,0,0,0,0,
 0,1,1,0,0,
 1,0,1,0,0,
100 };
MULTILIST SM_119[] = {
 { float6pack, 1 } ,
 { float6pack, 1 } ,
 { 0, 0 } ,
};
BYTE SM_120[] = {
 0,0,0,0,0,
 0,1,0,1,0,
 0,0,1,0,0,
 1,0,0,0,1,
 0,1,1,1,0,
100 };
BYTE SM_121[] = {
 1,1,0,1,1,
 1,0,1,0,1,
 0,1,0,1,0,
 1,0,1,0,1,
 1,1,0,1,1,
100 };
BYTE SM_122[] = {
	1,0,0,0,1, //
	0,1,1,1,0,
	0,1,0,1,0,
	0,1,1,1,0,
	0,0,0,0,0,
	1,0,0,0,0, //
	0,1,1,1,0,
	0,1,0,1,0,
	0,1,1,1,0,
	0,0,0,0,1,
	1,0,0,0,0, //
	0,1,1,1,0,
	0,1,0,1,0,
	0,1,1,1,0,
	1,0,0,0,0,
	0,0,0,0,1, //
	0,1,1,1,0,
	0,1,0,1,0,
	0,1,1,1,0,
	0,0,0,0,1,
	0,0,0,0,1, //
	0,1,1,1,0,
	0,1,0,1,0,
	0,1,1,1,0,
	1,0,0,0,0,
	0,0,0,0,0, //
	0,1,1,1,0,
	0,1,0,1,0,
	0,1,1,1,0,
	1,0,0,0,1,
100 };
MULTILIST SM_123[] = {
 { float6pack, 1 } ,
 { diagonal, 1 } ,
 { 0, 0 } ,
};
BYTE SM_124[] = {
 1,0,1,0,1,
 0,0,1,0,0,
 0,0,1,0,0,
 0,0,1,0,0,
 1,0,1,0,1,
100 };
BYTE SM_125[] = {
 0,1,1,1,0,
 1,0,0,0,0,
 1,0,0,0,0,
 1,0,0,0,0,
 0,1,1,1,0,
100 };
BYTE SM_126[] = {
 1,0,0,0,0,
 0,1,0,0,0,
 0,0,1,1,1,
 0,1,0,0,0,
 1,0,0,0,0,
100 };
MULTILIST SM_127[] = {
 { hardway, 1 } ,
 { diagonal, 1 } ,
 { 0, 0 } ,
};
BYTE SM_128[] = {
 1,1,0,0,1,	//
 1,1,0,1,0,
 0,0,1,0,0,
 0,1,0,0,0,
 1,0,0,0,0,
100 };
#if 0
MULTILIST SM_130[] = {
 { awsl, 1 } ,
 { corners, 1 } ,
 { smalldiamond, 1 } ,
 { nf3sepstamps, 1 } ,
 { 0, 0 } ,
};
#endif
BYTE SM_131[] = {
	0,0,0,0,0, //
	1,0,0,0,0,
	1,0,0,0,0,
	1,0,0,0,0,
	0,0,0,0,0,
	0,1,0,0,0, //
	0,1,0,0,0,
	0,1,0,0,0,
	0,1,0,0,0,
	0,1,0,0,0,
	0,0,1,0,0, //
	0,0,1,0,0,
	0,0,1,0,0,
	0,0,1,0,0,
	0,0,1,0,0,
	0,0,0,1,0, //
	0,0,0,1,0,
	0,0,0,1,0,
	0,0,0,1,0,
	0,0,0,1,0,
	0,0,0,0,0, //
	0,0,0,0,1,
	0,0,0,0,1,
	0,0,0,0,1,
	0,0,0,0,0,
	0,1,1,1,0, //
	0,0,0,0,0,
	0,0,0,0,0,
	0,0,0,0,0,
	0,0,0,0,0,
	0,0,0,0,0, //
	1,1,1,1,1,
	0,0,0,0,0,
	0,0,0,0,0,
	0,0,0,0,0,
	0,0,0,0,0, //
	0,0,0,0,0,
	1,1,1,1,1,
	0,0,0,0,0,
	0,0,0,0,0,
	0,0,0,0,0, //
	0,0,0,0,0,
	0,0,0,0,0,
	1,1,1,1,1,
	0,0,0,0,0,
	0,0,0,0,0, //
	0,0,0,0,0,
	0,0,0,0,0,
	0,0,0,0,0,
	0,1,1,1,0,
	0,0,0,0,0, //
	0,1,0,0,0,
	0,0,1,0,0,
	0,0,0,1,0,
	0,0,0,0,0,
	0,0,0,0,0, //
	0,0,0,1,0,
	0,0,1,0,0,
	0,1,0,0,0,
	0,0,0,0,0,
100 };
MULTILIST SM_132[] = {
 { awsl, 1 } ,
 { hard_6pack, 1 } ,
 { 0, 0 } ,
};
MULTILIST SM_133[] = {
 { awsl, 1 } ,
 { NFany_stamp, 1 } ,
 { 0, 0 } ,
};
BYTE SM_135[] = {
	1,1,0,0,0, //
	1,1,0,0,0,
	0,0,1,0,0,
	0,0,0,1,0,
	0,0,0,0,1,
	1,1,1,1,1, //
	1,1,0,0,0,
	0,0,0,0,0,
	0,0,0,0,0,
	0,0,0,0,0,
	1,1,0,0,0, //
	1,1,1,1,1,
	0,0,0,0,0,
	0,0,0,0,0,
	0,0,0,0,0,
	1,1,0,0,0, //
	1,1,0,0,0,
	1,0,0,0,0,
	1,0,0,0,0,
	1,0,0,0,0,
	1,1,0,0,0, //
	1,1,0,0,0,
	0,1,0,0,0,
	0,1,0,0,0,
	0,1,0,0,0,

	0,0,0,1,1, //
	0,0,0,1,1,
	0,0,1,0,0,
	0,1,0,0,0,
	1,0,0,0,0,
	1,1,1,1,1, //
	0,0,0,1,1,
	0,0,0,0,0,
	0,0,0,0,0,
	0,0,0,0,0,
	0,0,0,1,1, //
	1,1,1,1,1,
	0,0,0,0,0,
	0,0,0,0,0,
	0,0,0,0,0,
	0,0,0,1,1, //
	0,0,0,1,1,
	0,0,0,0,1,
	0,0,0,0,1,
	0,0,0,0,1,
	0,0,0,1,1, //
	0,0,0,1,1,
	0,0,0,1,0,
	0,0,0,1,0,
	0,0,0,1,0,

	1,0,0,0,0, //
	0,1,0,0,0,
	0,0,1,0,0,
	0,0,0,1,1,
	0,0,0,1,1,
	0,0,0,0,1, //
	0,0,0,0,1,
	0,0,0,0,1,
	0,0,0,1,1,
	0,0,0,1,1,
	0,0,0,1,0, //
	0,0,0,1,0,
	0,0,0,1,0,
	0,0,0,1,1,
	0,0,0,1,1,
	0,0,0,0,0, //
	0,0,0,0,0,
	0,0,0,0,0,
	0,0,0,1,1,
	1,1,1,1,1,
	0,0,0,0,0, //
	0,0,0,0,0,
	0,0,0,0,0,
	1,1,1,1,1,
	0,0,0,1,1,

	0,0,0,0,1, //
	0,0,0,1,0,
	0,0,1,0,0,
	1,1,0,0,0,
	1,1,0,0,0,
	0,0,0,0,0, //
	0,0,0,0,0,
	0,0,0,0,0,
	1,1,0,0,0,
	1,1,1,1,1,
	0,0,0,0,0, //
	0,0,0,0,0,
	0,0,0,0,0,
	1,1,1,1,1,
	1,1,0,0,0,
	1,0,0,0,0, //
	1,0,0,0,0,
	1,0,0,0,0,
	1,1,0,0,0,
	1,1,0,0,0,
	0,1,0,0,0, //
	0,1,0,0,0,
	0,1,0,0,0,
	1,1,0,0,0,
	1,1,0,0,0,

	0,1,1,0,0, //
	0,1,1,0,0,
	0,1,0,0,0,
	0,1,0,0,0,
	0,1,0,0,0,
	0,1,1,0,0, //
	0,1,1,0,0,
	0,0,1,0,0,
	0,0,1,0,0,
	0,0,1,0,0,

	0,0,1,1,0, //
	0,0,1,1,0,
	0,0,1,0,0,
	0,0,1,0,0,
	0,0,1,0,0,
	0,0,1,1,0, //
	0,0,1,1,0,
	0,0,0,1,0,
	0,0,0,1,0,
	0,0,0,1,0,

	0,0,0,0,0, //
	1,1,1,1,1,
	0,0,0,1,1,
	0,0,0,0,0,
	0,0,0,0,0,
	0,0,0,0,0, //
	0,0,0,1,1,
	1,1,1,1,1,
	0,0,0,0,0,
	0,0,0,0,0,

	0,0,0,0,0, //
	0,0,0,0,0,
	1,1,1,1,1,
	0,0,0,1,1,
	0,0,0,0,0,
	0,0,0,0,0, //
	0,0,0,0,0,
	0,0,0,1,1,
	1,1,1,1,1,
	0,0,0,0,0,

	0,0,1,0,0, //
	0,0,1,0,0,
	0,0,1,0,0,
	0,0,1,1,0,
	0,0,1,1,0,
	0,0,0,1,0, //
	0,0,0,1,0,
	0,0,0,1,0,
	0,0,1,1,0,
	0,0,1,1,0,

	0,1,0,0,0, //
	0,1,0,0,0,
	0,1,0,0,0,
	0,1,1,0,0,
	0,1,1,0,0,
	0,0,1,0,0, //
	0,0,1,0,0,
	0,0,1,0,0,
	0,1,1,0,0,
	0,1,1,0,0,

	0,0,0,0,0, //
	0,0,0,0,0,
	1,1,1,1,1,
	1,1,0,0,0,
	0,0,0,0,0,
	0,0,0,0,0, //
	0,0,0,0,0,
	1,1,0,0,0,
	1,1,1,1,1,
	0,0,0,0,0,

	0,0,0,0,0, //
	1,1,1,1,1,
	1,1,0,0,0,
	0,0,0,0,0,
	0,0,0,0,0,
	0,0,0,0,0, //
	1,1,0,0,0,
	1,1,1,1,1,
	0,0,0,0,0,
	0,0,0,0,0,
100 };
MULTILIST SM_136[] = {
 { nfpostage, 1 } ,
 { two_corners, 1 } ,
 { 0, 0 } ,
};
BYTE SM_140[] = {
	1,0,0,0,0, //
	1,1,1,1,0,
	1,1,0,1,0,
	1,1,1,1,0,
	1,0,0,0,0,
	0,1,0,0,0, //
	0,1,1,1,0,
	0,1,0,1,0,
	0,1,1,1,0,
	0,1,0,0,0,
	0,0,1,0,0, //
	0,1,1,1,0,
	0,1,1,1,0,
	0,1,1,1,0,
	0,0,1,0,0,
	0,0,0,1,0, //
	0,1,1,1,0,
	0,1,0,1,0,
	0,1,1,1,0,
	0,0,0,1,0,
	0,0,0,0,1, //
	0,1,1,1,1,
	0,1,0,1,1,
	0,1,1,1,1,
	0,0,0,0,1,
	1,1,1,1,1, //
	0,0,0,0,0,
	0,1,1,1,0,
	0,1,0,1,0,
	0,1,1,1,0,
	0,0,0,0,0, //
	1,1,1,1,1,
	0,1,0,1,0,
	0,1,1,1,0,
	0,0,0,0,0,
	0,0,0,0,0, //
	0,1,1,1,0,
	1,1,1,1,1,
	0,1,1,1,0,
	0,0,0,0,0,
	0,0,0,0,0, //
	0,1,1,1,0,
	0,1,0,1,0,
	1,1,1,1,1,
	0,0,0,0,0,
	0,0,0,0,0, //
	0,0,0,0,0,
	0,1,1,1,0,
	0,1,0,1,0,
	1,1,1,1,1,
	1,0,0,0,0, //
	0,1,1,1,0,
	0,1,1,1,0,
	0,1,1,1,0,
	0,0,0,0,1,
	0,0,0,0,1, //
	0,1,1,1,0,
	0,1,1,1,0,
	0,1,1,1,0,
	1,0,0,0,0,
100 };
BYTE SM_141[] = {
	1,0,0,0,0, //
	1,0,0,0,0,
	1,0,0,0,0,
	1,0,0,0,0,
	1,0,0,0,0,
	0,1,0,0,0, //
	0,1,0,0,0,
	0,1,0,0,0,
	0,1,0,0,0,
	0,1,0,0,0,
	0,0,1,0,0, //
	0,0,1,0,0,
	0,0,1,0,0,
	0,0,1,0,0,
	0,0,1,0,0,
	0,0,0,1,0, //
	0,0,0,1,0,
	0,0,0,1,0,
	0,0,0,1,0,
	0,0,0,1,0,
	0,0,0,0,1, //
	0,0,0,0,1,
	0,0,0,0,1,
	0,0,0,0,1,
	0,0,0,0,1,
	1,1,1,1,1, //
	0,0,0,0,0,
	0,0,0,0,0,
	0,0,0,0,0,
	0,0,0,0,0,
	0,0,0,0,0, //
	1,1,1,1,1,
	0,0,0,0,0,
	0,0,0,0,0,
	0,0,0,0,0,
	0,0,0,0,0, //
	0,0,0,0,0,
	1,1,1,1,1,
	0,0,0,0,0,
	0,0,0,0,0,
	0,0,0,0,0, //
	0,0,0,0,0,
	0,0,0,0,0,
	1,1,1,1,1,
	0,0,0,0,0,
	0,0,0,0,0, //
	0,0,0,0,0,
	0,0,0,0,0,
	0,0,0,0,0,
	1,1,1,1,1,
	1,0,0,0,0, //
	0,1,0,0,0,
	0,0,1,0,0,
	0,0,0,1,0,
	0,0,0,0,1,
	0,0,0,0,1, //
	0,0,0,1,0,
	0,0,1,0,0,
	0,1,0,0,0,
	1,0,0,0,0,
	1,0,0,0,1, //
	0,0,0,0,0,
	0,0,0,0,0,
	0,0,0,0,0,
	1,0,0,0,1,
 0,0,0,0,0,
 0,1,1,1,0,
 0,1,0,1,0,
 0,1,1,1,0,
 0,0,0,0,0,
100 };
#if 1
MULTILIST SM_142[] = {
 { awsl, 1 } ,
 { corners, 1 } ,
 { smalldiamond, 1 } ,
 { NFany_stamp, -1 } ,
 { 0, 0 } ,
};
#endif
ANDLIST SM_143[] = {
 { NOOV, NFany_stamp,NFany_stamp,NULL},
 { 0, awsl,NULL,NULL},
 { -1, NULL,NULL,NULL},
};
MULTILIST SM_146[] = {
 { float6pack, 1 } ,
 { corner_stamp, 1 } ,
 { 0, 0 } ,
};
BYTE SM_147[] = {
 1,1,1,1,1,	//
 1,1,1,1,1,
 1,1,1,1,1,
 0,0,0,0,1,
 0,0,0,0,1,
 1,1,1,1,1,	//
 1,1,1,1,1,
 1,1,1,1,1,
 1,0,0,0,0,
 1,0,0,0,0,
100 };
#if 0
MULTILIST SM_148[] = {
 { awsl, 1 } ,
 { corners, 1 } ,
 { nf3sepstamps, 1 } ,
 { 0, 0 } ,
};
#endif
BYTE SM_149[] = {
 0,0,0,0,0,
 0,1,0,1,0,
 0,0,1,0,0,
 0,1,0,1,0,
 0,0,0,0,0,
100 };
BYTE SM_150[] = {
 0,0,0,0,1,	//
 0,1,0,1,0,
 0,0,1,0,0,
 0,1,0,1,0,
 1,0,0,0,1,
 1,0,0,0,1,	//
 0,0,0,1,0,
 0,0,1,0,0,
 0,1,0,1,0,
 1,0,0,0,1,
 1,0,0,0,1,	//
 0,1,0,0,0,
 0,0,1,0,0,
 0,1,0,1,0,
 1,0,0,0,1,
 1,0,0,0,0,	//
 0,1,0,1,0,
 0,0,1,0,0,
 0,1,0,1,0,
 1,0,0,0,1,
 1,0,0,0,1,	//
 0,1,0,1,0,
 0,0,1,0,0,
 0,1,0,0,0,
 1,0,0,0,1,
 1,0,0,0,1,	//
 0,1,0,1,0,
 0,0,1,0,0,
 0,1,0,1,0,
 1,0,0,0,0,
 1,0,0,0,1,	//
 0,1,0,1,0,
 0,0,1,0,0,
 0,1,0,1,0,
 0,0,0,0,1,
 1,0,0,0,1,	//
 0,1,0,1,0,
 0,0,1,0,0,
 0,0,0,1,0,
 1,0,0,0,1,
100 };
BYTE SM_151[] = {
 0,0,0,0,0,
 0,0,1,0,0,
 0,1,1,1,0,
 0,0,1,0,0,
 0,0,1,0,0,
100 };
#if 1
MULTILIST SM_152[] = {
 { awsl, 1 } ,
 { corners, 1 } ,
 { smalldiamond, 1 } ,
 { NFany_stamp, -1 } ,
 { 0, 0 } ,
};
#endif
MULTILIST SM_153[] = {
 { awsl, 1 } ,
 { any_stamp, 1 } ,
 { 0, 0 } ,
};
BYTE SM_154[] = {
	1,1,1,1,1, //
	1,0,0,0,1,
	1,0,0,0,1,
	1,0,0,0,1,
	1,1,1,1,1,
	1,1,1,1,1, //
	1,1,1,1,1,
	1,1,1,1,1,
	1,1,1,1,1,
	1,1,1,1,1,
END_OF_MASKS };

MULTILIST SM_155[] = {
 { awsl, 1 } ,
 { new_anywayP, 1 } ,
 { 0, 0 } ,
};
MULTILIST SM_156[] = {
 { awsl, 1 } ,
 { nfpostage, 1 } ,
 { 0, 0 } ,
};
BYTE SM_157[] = {
 1,1,0,1,1,
 1,1,0,1,1,
 1,0,1,0,1,
 1,0,0,0,1,
 1,0,0,0,1,
100 };
BYTE SM_158[] = {
 0,0,0,0,0,
 0,0,0,0,0,
 0,0,1,0,0,
 0,1,1,1,0,
 1,1,1,1,1,
100 };
BYTE SM_159[] = {
 0,0,0,0,0,
 0,0,0,0,0,
 1,1,1,1,1,
 1,1,1,1,1,
 1,1,1,1,1,
100 };
BYTE SM_161[] = {
	1,1,0,0,0, //
	1,1,0,0,0,
	0,0,0,0,0,
	0,0,0,0,0,
	0,0,0,0,0,
	0,0,0,1,1, //
	0,0,0,1,1,
	0,0,0,0,0,
	0,0,0,0,0,
	0,0,0,0,0,
	0,0,0,0,0, //
	0,0,0,0,0,
	0,0,0,0,0,
	0,0,0,1,1,
	0,0,0,1,1,
	0,0,0,0,0, //
	0,0,0,0,0,
	0,0,0,0,0,
	1,1,0,0,0,
	1,1,0,0,0,
 1,0,0,0,0,	//
 0,1,0,0,0,
 0,0,1,0,0,
 0,0,0,1,0,
 0,0,0,0,1,
 0,0,0,0,1,	//
 0,0,0,1,0,
 0,0,1,0,0,
 0,1,0,0,0,
 1,0,0,0,0,
100 };
BYTE SM_162[] = {
	1,0,0,0,0, //
	1,0,0,0,0,
	1,0,0,0,0,
	1,0,0,0,0,
	1,0,0,0,0,
	0,1,0,0,0, //
	0,1,0,0,0,
	0,1,0,0,0,
	0,1,0,0,0,
	0,1,0,0,0,
	0,0,1,0,0, //
	0,0,1,0,0,
	0,0,1,0,0,
	0,0,1,0,0,
	0,0,1,0,0,
	0,0,0,1,0, //
	0,0,0,1,0,
	0,0,0,1,0,
	0,0,0,1,0,
	0,0,0,1,0,
	0,0,0,0,1, //
	0,0,0,0,1,
	0,0,0,0,1,
	0,0,0,0,1,
	0,0,0,0,1,
	1,1,1,1,1, //
	0,0,0,0,0,
	0,0,0,0,0,
	0,0,0,0,0,
	0,0,0,0,0,
	0,0,0,0,0, //
	1,1,1,1,1,
	0,0,0,0,0,
	0,0,0,0,0,
	0,0,0,0,0,
	0,0,0,0,0, //
	0,0,0,0,0,
	1,1,1,1,1,
	0,0,0,0,0,
	0,0,0,0,0,
	0,0,0,0,0, //
	0,0,0,0,0,
	0,0,0,0,0,
	1,1,1,1,1,
	0,0,0,0,0,
	0,0,0,0,0, //
	0,0,0,0,0,
	0,0,0,0,0,
	0,0,0,0,0,
	1,1,1,1,1,
	1,0,0,0,0, //
	0,1,0,0,0,
	0,0,1,0,0,
	0,0,0,1,0,
	0,0,0,0,1,
	0,0,0,0,1, //
	0,0,0,1,0,
	0,0,1,0,0,
	0,1,0,0,0,
	1,0,0,0,0,
	1,1,0,0,0, //
	1,1,0,0,0,
	0,0,0,0,0,
	0,0,0,0,0,
	0,0,0,0,0,
	0,1,1,0,0, //
	0,1,1,0,0,
	0,0,0,0,0,
	0,0,0,0,0,
	0,0,0,0,0,
	0,0,1,1,0, //
	0,0,1,1,0,
	0,0,0,0,0,
	0,0,0,0,0,
	0,0,0,0,0,
	0,0,0,1,1, //
	0,0,0,1,1,
	0,0,0,0,0,
	0,0,0,0,0,
	0,0,0,0,0,
	0,0,0,0,0, //
	1,1,0,0,0,
	1,1,0,0,0,
	0,0,0,0,0,
	0,0,0,0,0,
	0,0,0,0,0, //
	0,1,1,0,0,
	0,1,1,0,0,
	0,0,0,0,0,
	0,0,0,0,0,
	0,0,0,0,0, //
	0,0,1,1,0,
	0,0,1,1,0,
	0,0,0,0,0,
	0,0,0,0,0,
	0,0,0,0,0, //
	0,0,0,1,1,
	0,0,0,1,1,
	0,0,0,0,0,
	0,0,0,0,0,
	0,0,0,0,0, //
	0,0,0,0,0,
	1,1,0,0,0,
	1,1,0,0,0,
	0,0,0,0,0,
	0,0,0,0,0, //
	0,0,0,0,0,
	0,1,1,0,0,
	0,1,1,0,0,
	0,0,0,0,0,
	0,0,0,0,0, //
	0,0,0,0,0,
	0,0,1,1,0,
	0,0,1,1,0,
	0,0,0,0,0,
	0,0,0,0,0, //
	0,0,0,0,0,
	0,0,0,1,1,
	0,0,0,1,1,
	0,0,0,0,0,
	0,0,0,0,0, //
	0,0,0,0,0,
	0,0,0,0,0,
	1,1,0,0,0,
	1,1,0,0,0,
	0,0,0,0,0, //
	0,0,0,0,0,
	0,0,0,0,0,
	0,1,1,0,0,
	0,1,1,0,0,
	0,0,0,0,0, //
	0,0,0,0,0,
	0,0,0,0,0,
	0,0,1,1,0,
	0,0,1,1,0,
	0,0,0,0,0, //
	0,0,0,0,0,
	0,0,0,0,0,
	0,0,0,1,1,
	0,0,0,1,1,
100 };
BYTE SM_163[] = {
 0,1,0,1,0,
 0,1,0,1,0,
 0,1,1,1,1,
 0,0,0,1,0,
 0,0,0,1,0,
100 };
BYTE SM_164[] = {
 0,0,0,0,0,
 0,0,0,0,0,
 0,0,0,1,0,
 0,0,1,1,1,
 0,0,1,1,1,
100 };
BYTE SM_165[] = {
 1,0,1,0,0,
 0,1,0,0,0,
 1,0,1,0,1,
 0,0,0,1,0,
 0,0,1,0,1,
100 };
BYTE SM_166[] = {
 1,1,1,0,0,
 0,0,1,0,0,
 0,1,0,1,1,
 1,0,0,1,1,
 0,0,0,1,1,
100 };
BYTE SM_167[] = {
 1,0,0,0,1,	//
 0,0,0,0,0,
 0,0,0,0,0,
 0,0,0,0,0,
 1,0,0,0,1,
 0,0,0,0,0,	//
 0,1,0,1,0,
 0,0,0,0,0,
 0,1,0,1,0,
 0,0,0,0,0,
100 };
BYTE SM_168[] = {
 0,0,0,0,0,
 0,0,0,0,1,
 0,0,0,0,1,
 0,0,0,0,1,
 0,1,1,1,0,
100 };
BYTE SM_169[] = {
 0,0,1,1,1,	//
 0,0,0,0,1,
 0,0,0,0,0,
 0,0,0,0,0,
 0,0,0,0,0,
 0,0,0,1,1,	//
 0,0,0,0,1,
 0,0,0,0,1,
 0,0,0,0,0,
 0,0,0,0,0,
 0,0,0,0,0,	//
 0,0,0,0,0,
 0,0,0,0,1,
 0,0,0,0,1,
 0,0,0,1,1,
 0,0,0,0,0,	//
 0,0,0,0,0,
 0,0,0,0,0,
 0,0,0,0,1,
 0,0,1,1,1,
 0,0,0,0,0,	//
 0,0,0,0,0,
 0,0,0,0,0,
 1,0,0,0,0,
 1,1,1,0,0,
 0,0,0,0,0,	//
 0,0,0,0,0,
 1,0,0,0,0,
 1,0,0,0,0,
 1,1,0,0,0,
 1,1,0,0,0,	//
 1,0,0,0,0,
 1,0,0,0,0,
 0,0,0,0,0,
 0,0,0,0,0,
 1,1,1,0,0,	//
 1,0,0,0,0,
 0,0,0,0,0,
 0,0,0,0,0,
 0,0,0,0,0,
100 };
BYTE SM_172[] = {
	1,0,0,0,0, //
	1,0,0,0,0,
	1,0,0,0,0,
	1,0,0,0,0,
	1,0,0,0,0,
	0,1,0,0,0, //
	0,1,0,0,0,
	0,1,0,0,0,
	0,1,0,0,0,
	0,1,0,0,0,
	0,0,1,0,0, //
	0,0,1,0,0,
	0,0,1,0,0,
	0,0,1,0,0,
	0,0,1,0,0,
	0,0,0,1,0, //
	0,0,0,1,0,
	0,0,0,1,0,
	0,0,0,1,0,
	0,0,0,1,0,
	0,0,0,0,1, //
	0,0,0,0,1,
	0,0,0,0,1,
	0,0,0,0,1,
	0,0,0,0,1,
	1,1,1,1,1, //
	0,0,0,0,0,
	0,0,0,0,0,
	0,0,0,0,0,
	0,0,0,0,0,
	0,0,0,0,0, //
	1,1,1,1,1,
	0,0,0,0,0,
	0,0,0,0,0,
	0,0,0,0,0,
	0,0,0,0,0, //
	0,0,0,0,0,
	1,1,1,1,1,
	0,0,0,0,0,
	0,0,0,0,0,
	0,0,0,0,0, //
	0,0,0,0,0,
	0,0,0,0,0,
	1,1,1,1,1,
	0,0,0,0,0,
	0,0,0,0,0, //
	0,0,0,0,0,
	0,0,0,0,0,
	0,0,0,0,0,
	1,1,1,1,1,
	1,0,0,0,0, //
	0,1,0,0,0,
	0,0,1,0,0,
	0,0,0,1,0,
	0,0,0,0,1,
	0,0,0,0,1, //
	0,0,0,1,0,
	0,0,1,0,0,
	0,1,0,0,0,
	1,0,0,0,0,
'x',
 0,0,0,0,0,	//
 0,1,0,1,0,
 0,0,0,0,0,
 0,1,0,1,0,
 0,0,0,0,0,
 1,0,0,0,1,	//
 0,0,0,0,0,
 0,0,0,0,0,
 0,0,0,0,0,
 1,0,0,0,1,
100 };
#if 0
MULTILIST SM_173[] = {
 { awsl, 1 } ,
 { corners, 1 } ,
 { icorners, 1 } ,
 { smalldiamond, 1 } ,
 { nf3sepstamps, 1 } ,
 { 0, 0 } ,
};
#endif
BYTE SM_174[] = {
	1,0,0,0,0, //
	1,0,0,0,0,
	1,0,0,0,0,
	1,0,0,0,0,
	1,0,0,0,0,
	0,1,0,0,0, //
	0,1,0,0,0,
	0,1,0,0,0,
	0,1,0,0,0,
	0,1,0,0,0,
	0,0,1,0,0, //
	0,0,1,0,0,
	0,0,1,0,0,
	0,0,1,0,0,
	0,0,1,0,0,
	0,0,0,1,0, //
	0,0,0,1,0,
	0,0,0,1,0,
	0,0,0,1,0,
	0,0,0,1,0,
	0,0,0,0,1, //
	0,0,0,0,1,
	0,0,0,0,1,
	0,0,0,0,1,
	0,0,0,0,1,
	1,1,1,1,1, //
	0,0,0,0,0,
	0,0,0,0,0,
	0,0,0,0,0,
	0,0,0,0,0,
	0,0,0,0,0, //
	1,1,1,1,1,
	0,0,0,0,0,
	0,0,0,0,0,
	0,0,0,0,0,
	0,0,0,0,0, //
	0,0,0,0,0,
	1,1,1,1,1,
	0,0,0,0,0,
	0,0,0,0,0,
	0,0,0,0,0, //
	0,0,0,0,0,
	0,0,0,0,0,
	1,1,1,1,1,
	0,0,0,0,0,
	0,0,0,0,0, //
	0,0,0,0,0,
	0,0,0,0,0,
	0,0,0,0,0,
	1,1,1,1,1,
	1,0,0,0,0, //
	0,1,0,0,0,
	0,0,1,0,0,
	0,0,0,1,0,
	0,0,0,0,1,
	0,0,0,0,1, //
	0,0,0,1,0,
	0,0,1,0,0,
	0,1,0,0,0,
	1,0,0,0,0,
'x',
 0,0,0,0,0,
 0,0,1,0,0,
 0,1,0,1,0,
 0,0,1,0,0,
 0,0,0,0,0,
100 };
BYTE SM_175[] = {
 0,0,0,0,0,	//
 1,1,1,1,1,
 1,0,1,0,1,
 1,1,1,1,1,
 0,0,0,0,0,
 0,1,1,1,0,	//
 0,1,0,1,0,
 0,1,1,1,0,
 0,1,0,1,0,
 0,1,1,1,0,
100 };
BYTE SM_177[] = {
	1,1,1,1,1, //
	1,1,1,1,1,
	1,1,1,1,1,
	1,1,1,1,1,
	1,1,1,1,1,
100 };
BYTE SM_178[] = {
 0,0,0,0,0,
 1,1,1,1,1,
 0,0,0,0,0,
 1,1,1,1,1,
 0,0,0,0,0,
100 };
BYTE SM_179[] = {
 0,0,1,1,1,
 0,0,0,1,1,
 0,0,1,0,1,
 0,1,0,0,0,
 1,0,0,0,0,
100 };
BYTE SM_180[] = {
 0,0,0,0,0,
 0,0,0,0,0,
 0,0,0,0,0,
 1,1,1,1,1,
 1,1,0,1,1,
100 };
BYTE SM_181[] = {
 0,0,0,0,0,
 0,1,0,1,0,
 0,0,1,0,0,
 1,0,0,0,1,
 1,1,1,1,1,
100 };
BYTE SM_182[] = {
 0,1,1,1,0,
 1,0,0,0,0,
 1,1,0,0,0,
 1,0,0,0,0,
 0,0,0,0,0,
100 };
BYTE SM_183[] = {
 0,0,0,0,0,
 0,1,1,1,0,
 0,0,0,0,0,
 0,1,1,1,0,
 0,0,1,0,0,
100 };
BYTE SM_184[] = {
	1,0,0,0,0, //
	1,0,0,0,0,
	1,0,0,0,0,
	1,0,0,0,0,
	1,0,0,0,0,
	0,1,0,0,0, //
	0,1,0,0,0,
	0,1,0,0,0,
	0,1,0,0,0,
	0,1,0,0,0,
	0,0,1,0,0, //
	0,0,1,0,0,
	0,0,1,0,0,
	0,0,1,0,0,
	0,0,1,0,0,
	0,0,0,1,0, //
	0,0,0,1,0,
	0,0,0,1,0,
	0,0,0,1,0,
	0,0,0,1,0,
	0,0,0,0,1, //
	0,0,0,0,1,
	0,0,0,0,1,
	0,0,0,0,1,
	0,0,0,0,1,
	1,1,1,1,1, //
	0,0,0,0,0,
	0,0,0,0,0,
	0,0,0,0,0,
	0,0,0,0,0,
	0,0,0,0,0, //
	1,1,1,1,1,
	0,0,0,0,0,
	0,0,0,0,0,
	0,0,0,0,0,
	0,0,0,0,0, //
	0,0,0,0,0,
	1,1,1,1,1,
	0,0,0,0,0,
	0,0,0,0,0,
	0,0,0,0,0, //
	0,0,0,0,0,
	0,0,0,0,0,
	1,1,1,1,1,
	0,0,0,0,0,
	0,0,0,0,0, //
	0,0,0,0,0,
	0,0,0,0,0,
	0,0,0,0,0,
	1,1,1,1,1,
	1,0,0,0,0, //
	0,1,0,0,0,
	0,0,1,0,0,
	0,0,0,1,0,
	0,0,0,0,1,
	0,0,0,0,1, //
	0,0,0,1,0,
	0,0,1,0,0,
	0,1,0,0,0,
	1,0,0,0,0,
'x',
 0,0,0,0,0,
 0,1,0,1,0,
 0,0,0,0,0,
 0,1,0,1,0,
 0,0,0,0,0,
100 };
BYTE SM_185[] = {
 0,0,0,0,0,
 0,0,0,0,0,
 1,1,1,0,0,
 1,1,1,0,0,
 1,1,1,0,0,
100 };
BYTE SM_186[] = {
	1,0,0,0,0, //
	1,0,0,0,0,
	1,0,0,0,0,
	1,0,0,0,0,
	1,0,0,0,0,
	0,1,0,0,0, //
	0,1,0,0,0,
	0,1,0,0,0,
	0,1,0,0,0,
	0,1,0,0,0,
	0,0,1,0,0, //
	0,0,1,0,0,
	0,0,1,0,0,
	0,0,1,0,0,
	0,0,1,0,0,
	0,0,0,1,0, //
	0,0,0,1,0,
	0,0,0,1,0,
	0,0,0,1,0,
	0,0,0,1,0,
	0,0,0,0,1, //
	0,0,0,0,1,
	0,0,0,0,1,
	0,0,0,0,1,
	0,0,0,0,1,
	1,1,1,1,1, //
	0,0,0,0,0,
	0,0,0,0,0,
	0,0,0,0,0,
	0,0,0,0,0,
	0,0,0,0,0, //
	1,1,1,1,1,
	0,0,0,0,0,
	0,0,0,0,0,
	0,0,0,0,0,
	0,0,0,0,0, //
	0,0,0,0,0,
	1,1,1,1,1,
	0,0,0,0,0,
	0,0,0,0,0,
	0,0,0,0,0, //
	0,0,0,0,0,
	0,0,0,0,0,
	1,1,1,1,1,
	0,0,0,0,0,
	0,0,0,0,0, //
	0,0,0,0,0,
	0,0,0,0,0,
	0,0,0,0,0,
	1,1,1,1,1,
	1,0,0,0,0, //
	0,1,0,0,0,
	0,0,1,0,0,
	0,0,0,1,0,
	0,0,0,0,1,
	0,0,0,0,1, //
	0,0,0,1,0,
	0,0,1,0,0,
	0,1,0,0,0,
	1,0,0,0,0,
	1,0,0,0,1, //
	0,0,0,0,0,
	0,0,0,0,0,
	0,0,0,0,0,
	1,0,0,0,1,
	1,1,0,0,0, //
	1,1,0,0,0,
	0,0,0,0,0,
	0,0,0,0,0,
	0,0,0,0,0,
	0,0,0,1,1, //
	0,0,0,1,1,
	0,0,0,0,0,
	0,0,0,0,0,
	0,0,0,0,0,
	0,0,0,0,0, //
	0,0,0,0,0,
	0,0,0,0,0,
	0,0,0,1,1,
	0,0,0,1,1,
	0,0,0,0,0, //
	0,0,0,0,0,
	0,0,0,0,0,
	1,1,0,0,0,
	1,1,0,0,0,
 0,0,0,0,0,
 0,0,1,0,0,
 0,1,0,1,0,
 0,0,1,0,0,
 0,0,0,0,0,
100 };
BYTE SM_187[] = {
 0,0,1,0,0,
 0,0,1,0,0,
 0,1,1,1,0,
 0,0,1,0,0,
 0,0,1,0,0,
100 };
BYTE SM_188[] = {
 0,1,0,0,0,	//
 1,1,0,0,0,
 0,0,0,0,0,
 0,0,0,0,0,
 0,0,0,0,0,
 0,0,0,1,0,	//
 0,0,0,1,1,
 0,0,0,0,0,
 0,0,0,0,0,
 0,0,0,0,0,
 0,0,0,0,0,	//
 0,0,0,0,0,
 0,0,0,0,0,
 0,0,0,1,1,
 0,0,0,1,0,
 0,0,0,0,0,	//
 0,0,0,0,0,
 0,0,0,0,0,
 1,1,0,0,0,
 0,1,0,0,0,
100 };
BYTE SM_189[] = {
 0,0,0,0,0,	//
 0,0,0,0,0,
 0,0,1,0,0,
 0,0,0,0,0,
 0,0,0,0,0,
100 };
#if 1
MULTILIST SM_190[] = {
 { awsl, 1 } ,
 { corners, 1 } ,
 { smalldiamond, 1 } ,
 { NFany_stamp, -1 } ,
 { 0, 0 } ,
};
#endif
BYTE SM_191[] = {
 1,1,1,0,0,	//
 1,1,1,0,0,
 1,1,1,0,0,
 1,1,1,0,0,
 1,1,1,0,0,
 0,1,1,1,0,	//
 0,1,1,1,0,
 0,1,1,1,0,
 0,1,1,1,0,
 0,1,1,1,0,
 0,0,1,1,1,	//
 0,0,1,1,1,
 0,0,1,1,1,
 0,0,1,1,1,
 0,0,1,1,1,
 1,1,1,1,1,	//
 1,1,1,1,1,
 1,1,1,1,1,
 0,0,0,0,0,
 0,0,0,0,0,
 0,0,0,0,0,	//
 1,1,1,1,1,
 1,1,1,1,1,
 1,1,1,1,1,
 0,0,0,0,0,
 0,0,0,0,0,	//
 0,0,0,0,0,
 1,1,1,1,1,
 1,1,1,1,1,
 1,1,1,1,1,
100 };
BYTE SM_192[] = {
 0,0,1,0,0,
 0,1,0,1,0,
 0,0,1,0,0,
 0,1,0,1,0,
 0,0,1,0,0,
100 };
BYTE SM_193[] = {
 1,0,1,0,1,
 0,0,0,0,0,
 1,0,0,0,1,
 0,0,0,0,0,
 1,0,1,0,1,
100 };
BYTE SM_194[] = {
 1,0,1,0,1,
 0,1,1,1,0,
 1,1,1,1,1,
 0,1,1,1,0,
 1,0,1,0,1,
100 };
BYTE SM_195[] = {
 0,0,1,0,1,
 0,0,0,1,0,
 0,0,1,0,1,
 0,1,0,0,0,
 1,0,0,0,0,
100 };
BYTE SM_196[] = {
 0,0,0,1,0,
 0,0,1,1,1,
 0,0,0,1,0,
 0,0,0,0,0,
 0,0,0,0,0,
100 };
BYTE SM_197[] = {
 1,0,1,0,1,
 0,0,1,0,0,
 1,1,1,1,1,
 0,0,1,0,0,
 1,0,1,0,1,
100 };
BYTE SM_198[] = {
 1,0,1,0,1,
 0,1,1,1,0,
 1,1,1,1,1,
 0,1,1,1,0,
 1,0,1,0,1,
100 };
BYTE SM_199[] = {
 1,0,1,0,0,
 0,1,0,1,0,
 1,0,1,0,1,
 0,1,0,1,0,
 0,0,1,0,1,
100 };

