BYTE SM_901[] = {
 1,1,1,1,1,
 1,1,1,1,1,
 1,1,1,1,1,
 1,1,1,1,1,
 1,1,1,1,1,
100 };
BYTE SM_902[] = {
 0,1,0,0,0,
 0,1,0,0,0,
 0,1,1,0,0,
 0,1,0,0,0,
 0,1,0,0,0,
100 };
BYTE SM_903[] = {
 1,1,1,1,1,
 1,1,1,1,1,
 1,1,1,1,1,
 1,1,1,1,1,
 1,1,1,1,1,
100 };
BYTE SM_904[] = {
 0,1,0,0,0,
 1,1,1,1,1,
 0,1,1,0,0,
 0,1,0,0,0,
 0,1,0,0,0,
100 };
BYTE SM_905[] = {
 1,1,0,0,0,
 1,1,1,1,1,
 0,1,1,0,0,
 0,1,0,1,0,
 0,1,0,0,1,
100 };

MULTILIST SM_906[] = {
 { any_stamp, 1 } ,
 { float6pack, 1 } ,
 { packany8, 1 } ,
 { 0, 0 } ,
};

BYTE SM_907[] = {
 0,0,0,0,0,
 1,1,1,1,1,
 0,0,1,0,0,
 0,0,0,0,0,
 0,0,0,0,0,
100 };
BYTE SM_908[] = {
 0,0,0,1,1,
 0,0,0,1,1,
 0,0,1,0,0,
 0,1,0,0,0,
 1,0,0,0,0,
100 };
BYTE SM_909[] = {
 1,1,0,0,1,
 0,1,0,0,0,
 0,1,1,0,0,
 0,1,0,0,0,
 1,1,0,0,1,
100 };

MULTILIST SM_910[] = {
 { any_stamp, 1 } ,
 { awsl, 1 } ,
 { float6pack, 1 } ,
 { 0, 0 } ,
};

BYTE SM_911[] = {
 1,1,0,0,1,
 0,1,0,0,0,
 0,1,1,0,0,
 0,1,0,0,0,
 1,1,0,0,1,
100 };

MULTILIST SM_912[] = {
 { any_stamp, 1 } ,
 { awsl, 1 } ,
 { float6pack, 1 } ,
 { 0, 0 } ,
};

BYTE SM_916[] = {
 1,0,0,0,1,
 1,1,0,1,1,
 1,0,1,0,1,
 1,1,0,1,1,
 1,0,0,0,1,
100 };
BYTE SM_917[] = {
 0,0,1,0,0,
 0,0,1,0,0,
 0,0,1,0,0,
 0,0,1,0,0,
 0,0,1,0,0,
100 };
BYTE SM_918[] = {
 1,1,1,1,1,	//
 0,0,0,0,0,
 0,0,0,0,0,
 0,0,0,0,0,
 1,1,1,1,1,
 1,1,1,1,1,	//
 0,0,0,0,0,
 0,0,0,0,0,
 0,0,0,0,0,
 1,1,1,1,1,
 0,0,0,0,0,	//
 0,0,0,0,0,
 0,0,0,0,0,
 0,0,0,0,0,
 0,0,0,0,0,

 1,1,1,1,1,	//
 0,0,0,0,0,
 0,0,0,0,0,
 0,0,0,0,0,
 1,1,1,1,1,
 0,0,0,0,0,	//
 0,0,0,0,0,
 0,0,0,0,0,
 0,0,0,0,0,
 1,1,1,1,1,
 1,1,1,1,1,	//
 0,0,0,0,0,
 0,0,0,0,0,
 0,0,0,0,0,
 0,0,0,0,0,

 0,0,0,0,0,	//
 0,0,0,0,0,
 0,0,0,0,0,
 0,0,0,0,0,
 1,1,1,1,1,
 1,1,1,1,1,	//
 0,0,0,0,0,
 0,0,0,0,0,
 0,0,0,0,0,
 1,1,1,1,1,
 1,1,1,1,1,	//
 0,0,0,0,0,
 0,0,0,0,0,
 0,0,0,0,0,
 0,0,0,0,0,
////
 1,1,1,1,1,	//
 0,0,0,0,0,
 0,0,0,0,0,
 0,0,0,0,0,
 1,1,1,1,1,
 1,1,1,1,1,	//
 0,0,0,0,0,
 0,0,0,0,0,
 0,0,0,0,0,
 0,0,0,0,0,
 0,0,0,0,0,	//
 0,0,0,0,0,
 0,0,0,0,0,
 0,0,0,0,0,
 1,1,1,1,1,

 1,1,1,1,1,	//
 0,0,0,0,0,
 0,0,0,0,0,
 0,0,0,0,0,
 1,1,1,1,1,
 0,0,0,0,0,	//
 0,0,0,0,0,
 0,0,0,0,0,
 0,0,0,0,0,
 0,0,0,0,0,
 1,1,1,1,1,	//
 0,0,0,0,0,
 0,0,0,0,0,
 0,0,0,0,0,
 1,1,1,1,1,

 0,0,0,0,0,	//
 0,0,0,0,0,
 0,0,0,0,0,
 0,0,0,0,0,
 1,1,1,1,1,
 1,1,1,1,1,	//
 0,0,0,0,0,
 0,0,0,0,0,
 0,0,0,0,0,
 0,0,0,0,0,
 1,1,1,1,1,	//
 0,0,0,0,0,
 0,0,0,0,0,
 0,0,0,0,0,
 1,1,1,1,1,
////
 1,1,1,1,1,	//
 0,0,0,0,0,
 0,0,0,0,0,
 0,0,0,0,0,
 0,0,0,0,0,
 1,1,1,1,1,	//
 0,0,0,0,0,
 0,0,0,0,0,
 0,0,0,0,0,
 1,1,1,1,1,
 0,0,0,0,0,	//
 0,0,0,0,0,
 0,0,0,0,0,
 0,0,0,0,0,
 1,1,1,1,1,

 1,1,1,1,1,	//
 0,0,0,0,0,
 0,0,0,0,0,
 0,0,0,0,0,
 0,0,0,0,0,
 0,0,0,0,0,	//
 0,0,0,0,0,
 0,0,0,0,0,
 0,0,0,0,0,
 1,1,1,1,1,
 1,1,1,1,1,	//
 0,0,0,0,0,
 0,0,0,0,0,
 0,0,0,0,0,
 1,1,1,1,1,

 0,0,0,0,0,	//
 0,0,0,0,0,
 0,0,0,0,0,
 0,0,0,0,0,
 0,0,0,0,0,
 1,1,1,1,1,	//
 0,0,0,0,0,
 0,0,0,0,0,
 0,0,0,0,0,
 1,1,1,1,1,
 1,1,1,1,1,	//
 0,0,0,0,0,
 0,0,0,0,0,
 0,0,0,0,0,
 1,1,1,1,1,

100 };

BYTE SM_919[] = {
 0,1,1,1,0,
 0,1,1,1,0,
 0,0,1,0,0,
 0,0,0,0,0,
 0,0,0,0,0,
100 };
BYTE SM_920[] = {
 0,1,0,0,0,
 0,1,0,0,0,
 0,1,1,0,0,
 0,1,0,0,0,
 0,1,0,0,0,
100 };
BYTE SM_921[] = {
 1,1,1,1,1,
 0,0,0,1,0,
 0,0,1,0,0,
 0,1,0,0,0,
 1,0,0,0,0,
100 };

MULTILIST SM_922[] = {
 { nfpostage, 1 } ,
 { hardway, 1 } ,
 { hard_6pack, 1 } ,
 { 0, 0 } ,
};

MULTILIST SM_923[] = {
 { letterx, 1 } ,
 { outside_frame, 1 } ,
 { coverall, 1 } ,
 { 0, 0 } ,
};

MULTILIST SM_924[] = {
 { empty, 1 } ,
 { outside_frame, 1 } ,
 { coverall, 1 } ,
 { 0, 0 } ,
};

MULTILIST SM_925[] = {
 { empty, 1 } ,
 { empty, 1 } ,
 { coverall, 1 } ,
 { 0, 0 } ,
};

MULTILIST SM_926[] = {
 { letterx, 1 } ,
 { empty, 1 } ,
 { empty, 1 } ,
 { 0, 0 } ,
};

BYTE SM_929[] = {
	1,0,0,0,0, //
	1,0,0,0,0,
	1,0,0,0,0,
	1,0,0,0,0,
	1,0,0,0,0,
	0,1,0,0,0, //
	0,1,0,0,0,
	0,1,0,0,0,
	0,1,0,0,0,
	0,1,0,0,0,
	0,0,1,0,0, //
	0,0,1,0,0,
	0,0,1,0,0,
	0,0,1,0,0,
	0,0,1,0,0,
	0,0,0,1,0, //
	0,0,0,1,0,
	0,0,0,1,0,
	0,0,0,1,0,
	0,0,0,1,0,
	0,0,0,0,1, //
	0,0,0,0,1,
	0,0,0,0,1,
	0,0,0,0,1,
	0,0,0,0,1,
	1,1,1,1,1, //
	0,0,0,0,0,
	0,0,0,0,0,
	0,0,0,0,0,
	0,0,0,0,0,
	0,0,0,0,0, //
	1,1,1,1,1,
	0,0,0,0,0,
	0,0,0,0,0,
	0,0,0,0,0,
	0,0,0,0,0, //
	0,0,0,0,0,
	1,1,1,1,1,
	0,0,0,0,0,
	0,0,0,0,0,
	0,0,0,0,0, //
	0,0,0,0,0,
	0,0,0,0,0,
	1,1,1,1,1,
	0,0,0,0,0,
	0,0,0,0,0, //
	0,0,0,0,0,
	0,0,0,0,0,
	0,0,0,0,0,
	1,1,1,1,1,
	1,0,0,0,0, //
	0,1,0,0,0,
	0,0,1,0,0,
	0,0,0,1,0,
	0,0,0,0,1,
	0,0,0,0,1, //
	0,0,0,1,0,
	0,0,1,0,0,
	0,1,0,0,0,
	1,0,0,0,0,
	1,1,0,0,0, //
	1,1,0,0,0,
	0,0,0,0,0,
	0,0,0,0,0,
	0,0,0,0,0,
	0,0,0,1,1, //
	0,0,0,1,1,
	0,0,0,0,0,
	0,0,0,0,0,
	0,0,0,0,0,
	0,0,0,0,0, //
	0,0,0,0,0,
	0,0,0,0,0,
	0,0,0,1,1,
	0,0,0,1,1,
	0,0,0,0,0, //
	0,0,0,0,0,
	0,0,0,0,0,
	1,1,0,0,0,
	1,1,0,0,0,
	0,0,0,0,0, //
	0,1,0,1,0,
	0,0,0,0,0,
	0,1,0,1,0,
	0,0,0,0,0,
	1,0,0,0,1, //
	0,0,0,0,0,
	0,0,0,0,0,
	0,0,0,0,0,
	1,0,0,0,1,
	0,0,0,0,0, //
	0,0,1,0,0,
	0,1,1,1,0,
	0,0,1,0,0,
	0,0,0,0,0,
	0,0,1,0,0, //
	0,0,0,0,0,
	1,0,0,0,1,
	0,0,0,0,0,
	0,0,1,0,0,
100 };

BYTE SM_930[] = {
	1,0,0,0,0, //
	1,0,0,0,0,
	1,0,0,0,0,
	1,0,0,0,0,
	1,0,0,0,0,
	0,1,0,0,0, //
	0,1,0,0,0,
	0,1,0,0,0,
	0,1,0,0,0,
	0,1,0,0,0,
	0,0,1,0,0, //
	0,0,1,0,0,
	0,0,1,0,0,
	0,0,1,0,0,
	0,0,1,0,0,
	0,0,0,1,0, //
	0,0,0,1,0,
	0,0,0,1,0,
	0,0,0,1,0,
	0,0,0,1,0,
	0,0,0,0,1, //
	0,0,0,0,1,
	0,0,0,0,1,
	0,0,0,0,1,
	0,0,0,0,1,
	1,1,1,1,1, //
	0,0,0,0,0,
	0,0,0,0,0,
	0,0,0,0,0,
	0,0,0,0,0,
	0,0,0,0,0, //
	1,1,1,1,1,
	0,0,0,0,0,
	0,0,0,0,0,
	0,0,0,0,0,
	0,0,0,0,0, //
	0,0,0,0,0,
	1,1,1,1,1,
	0,0,0,0,0,
	0,0,0,0,0,
	0,0,0,0,0, //
	0,0,0,0,0,
	0,0,0,0,0,
	1,1,1,1,1,
	0,0,0,0,0,
	0,0,0,0,0, //
	0,0,0,0,0,
	0,0,0,0,0,
	0,0,0,0,0,
	1,1,1,1,1,
	1,0,0,0,0, //
	0,1,0,0,0,
	0,0,1,0,0,
	0,0,0,1,0,
	0,0,0,0,1,
	0,0,0,0,1, //
	0,0,0,1,0,
	0,0,1,0,0,
	0,1,0,0,0,
	1,0,0,0,0,
	1,1,0,0,0, //
	1,1,0,0,0,
	0,0,0,0,0,
	0,0,0,0,0,
	0,0,0,0,0,
	0,0,0,1,1, //
	0,0,0,1,1,
	0,0,0,0,0,
	0,0,0,0,0,
	0,0,0,0,0,
	0,0,0,0,0, //
	0,0,0,0,0,
	0,0,0,0,0,
	0,0,0,1,1,
	0,0,0,1,1,
	0,0,0,0,0, //
	0,0,0,0,0,
	0,0,0,0,0,
	1,1,0,0,0,
	1,1,0,0,0,
100 };
MULTILIST SM_932[] = {
 { any_stamp, 1 } ,
 { float6pack, 1 } ,
 { packany9, 1 } ,
 { 0, 0 } ,
};
MULTILIST SM_933[] = {
 { awsl, 1 } ,
 { awsl, 2 } ,
 { awsl, 3 } ,
 { 0, 0 } ,
};
MULTILIST SM_934[] = {
 { awsl, 1 } ,
 { awsl, 2 } ,
 { awsl, 3 } ,
 { 0, 0 } ,
};
MULTILIST SM_935[] = {
 { inside_frame, 1 } ,
 { outside_frame, 1 } ,
 { coverall, 1 } ,
 { 0, 0 } ,
};
MULTILIST SM_936[] = {
 { float6pack, 1 } ,
 { any_stamp, 1 } ,
 { packany9, 1 } ,
 { 0, 0 } ,
};

BYTE SM_937A[] = {
	1,0,0,0,1, //
	0,0,0,0,0,
	0,0,0,0,0,
	0,0,0,0,0,
	0,0,0,0,1,
	0,0,0,0,1, //
	0,0,0,0,0,
	0,0,0,0,0,
	0,0,0,0,0,
	1,0,0,0,1,
	1,0,0,0,0, //
	0,0,0,0,0,
	0,0,0,0,0,
	0,0,0,0,0,
	1,0,0,0,1,
	1,0,0,0,1, //
	0,0,0,0,0,
	0,0,0,0,0,
	0,0,0,0,0,
	1,0,0,0,0,
100 };
MULTILIST SM_937[] = {
 { SM_937A, 1 } ,
 { f3sepstamps, 1 } ,
 { awsl, 3 } ,
 { 0, 0 } ,
};

MULTILIST SM_938[] = {
 { any_stamp, -2 } ,
 { awsl, 2 } ,
 { float6pack, -2 } ,
 { 0, 0 } ,
};
MULTILIST SM_939[] = {
 { hardway, 1 } ,
 { any_stamp, 1 } ,
 { float6pack, 1 } ,
 { 0, 0 } ,
};
MULTILIST SM_940[] = {
 { inside_frame, 1 } ,
 { outside_frame, 1 } ,
 { coverall, 1 } ,
 { 0, 0 } ,
};
MULTILIST SM_941[] = {
 { any_stamp, 1 } ,
 { awsl, 1 } ,
 { float6pack, 1 } ,
 { 0, 0 } ,
};
MULTILIST SM_942[] = {
 { any_stamp, 1 } ,
 { any_stamp, -2 } ,
 { any_stamp, -3 } ,
 { 0, 0 } ,
};
BYTE SM_943A[] = {
	1,1,0,1,1, //
	1,1,0,1,1,
	0,0,0,0,0,
	0,0,0,1,1,
	0,0,0,1,1,
	0,0,0,1,1, //
	0,0,0,1,1,
	0,0,0,0,0,
	1,1,0,1,1,
	1,1,0,1,1,
	1,1,0,0,0, //
	1,1,0,0,0,
	0,0,0,0,0,
	1,1,0,1,1,
	1,1,0,1,1,
	1,1,0,1,1, //
	1,1,0,1,1,
	0,0,0,0,0,
	1,1,0,0,0,
	1,1,0,0,0,
100 };
MULTILIST SM_943[] = {
 { SM_937A, 1 },
 { SM_943A, 1 } ,
 { awsl, 3 } ,
 { 0, 0 } ,
};

BYTE SM_944[] = {
	1,1,1,1,1, //
	0,0,0,0,0,
	1,1,1,1,1,
	0,0,0,0,0,
	1,1,1,1,1,
100 };

BYTE SM_945[] = {
	1,0,0,0,1, //
	0,1,0,1,0,
	0,0,1,0,0,
	0,0,0,0,0,
	0,0,0,0,0,
	0,0,0,0,1, //
	0,0,0,1,0,
	0,0,1,0,0,
	0,0,0,1,0,
	0,0,0,0,1,
	0,0,0,0,0, //
	0,0,0,0,0,
	0,0,1,0,0,
	0,1,0,1,0,
	1,0,0,0,1,
	1,0,0,0,0, //
	0,1,0,0,0,
	0,0,1,0,0,
	0,1,0,0,0,
	1,0,0,0,0,
100 };

BYTE SM_946c[] = {
	1,0,0,0,0, //
	1,0,0,0,0,
	1,0,0,0,0,
	1,0,0,0,0,
	1,1,1,0,0,
	1,1,0,0,0, //
	1,0,0,0,0,
	1,0,0,0,0,
	1,0,0,0,0,
	1,1,0,0,0,
	1,1,1,0,0, //
	1,0,0,0,0,
	1,0,0,0,0,
	1,0,0,0,0,
	1,0,0,0,0,
	1,1,1,1,0, //
	1,0,0,0,0,
	1,0,0,0,0,
	1,0,0,0,0,
	0,0,0,0,0,
	1,1,1,1,1, //
	1,0,0,0,0,
	1,0,0,0,0,
	0,0,0,0,0,
	0,0,0,0,0,
	1,1,1,1,1, //
	1,0,0,0,1,
	0,0,0,0,0,
	0,0,0,0,0,
	0,0,0,0,0,
	1,1,1,1,1, //
	0,0,0,0,1,
	0,0,0,0,1,
	0,0,0,0,0,
	0,0,0,0,0,
	0,1,1,1,1, //
	0,0,0,0,1,
	0,0,0,0,1,
	0,0,0,0,1,
	0,0,0,0,0,
	0,0,1,1,1, //
	0,0,0,0,1,
	0,0,0,0,1,
	0,0,0,0,1,
	0,0,0,0,1,
	0,0,0,1,1, //
	0,0,0,0,1,
	0,0,0,0,1,
	0,0,0,0,1,
	0,0,0,1,1,
	0,0,0,0,1, //
	0,0,0,0,1,
	0,0,0,0,1,
	0,0,0,0,1,
	0,0,1,1,1,
	0,0,0,0,0, //
	0,0,0,0,1,
	0,0,0,0,1,
	0,0,0,0,1,
	0,1,1,1,1,
	0,0,0,0,0, //
	0,0,0,0,0,
	0,0,0,0,1,
	0,0,0,0,1,
	1,1,1,1,1,
	0,0,0,0,0, //
	0,0,0,0,0,
	0,0,0,0,0,
	1,0,0,0,1,
	1,1,1,1,1,
	0,0,0,0,0, //
	0,0,0,0,0,
	1,0,0,0,0,
	1,0,0,0,0,
	1,1,1,1,1,
	0,0,0,0,0, //
	1,0,0,0,0,
	1,0,0,0,0,
	1,0,0,0,0,
	1,1,1,1,0,
100 };

MULTILIST SM_946[] = {
 { awsl, 1 },
 { hard_6pack, 1 } ,
 { SM_946c, 1 } ,
 { 0, 0 } ,
};

// The free space was added to the second pattern
//	so that there would be a noticable difference
//	between patterns 2 and 3
BYTE SM_950[] = {
	0,0,1,0,0, //
	0,0,1,0,0,
	0,0,1,0,0,
	0,0,1,0,0,
	0,0,1,0,0,
	1,1,1,1,1, //
	1,0,0,0,1,
	1,0,1,0,1,
	1,0,0,0,1,
	1,1,1,1,1,
	1,1,1,1,1, //
	1,0,0,0,1,
	1,0,0,0,1,
	1,0,0,0,1,
	1,1,1,1,1,
100 };

MULTILIST SM_956[] = {
 { vertical, 1 },
 { horizontal_line, 1 },
 { diagonal, 1 },
 { 0, 0 },
};

MULTILIST SM_958[] = {
 { float6pack, 1 },
 { awsl, 1 },
 { 0, 0 },
};

BYTE SM_959[] = {
	0,0,1,0,0, //
	0,1,1,1,0,
	1,1,1,1,1,
	0,1,1,1,0,
	0,0,1,0,0,
	1,1,1,1,1, //
	1,0,0,0,1,
	1,0,0,0,1,
	1,0,0,0,1,
	1,1,1,1,1,
	1,1,1,1,1, //
	1,1,1,1,1,
	1,1,1,1,1,
	1,1,1,1,1,
	1,1,1,1,1,
100 };

MULTILIST SM_961[] = {
 { awsl, 1 },
 { awsl, 3 },
 { 0, 0 },
};

BYTE SM_962[] = {
	1,0,0,0,1, //
	0,1,0,1,0,
	0,0,1,0,0,
	0,0,1,0,0,
	0,0,1,0,0,
	0,1,1,1,0, //
	1,0,0,0,1,
	0,0,1,1,0,
	0,1,0,0,0,
	1,1,1,1,1,
	0,1,0,0,1, //
	0,1,0,1,0,
	0,1,1,0,0,
	0,1,0,1,0,
	0,1,0,0,1,
100 };

BYTE SM_963[] = {
	1,1,1,1,1, //
	1,0,0,0,1,
	1,1,1,1,1,
	1,0,0,0,1,
	1,0,0,0,1,
100 };

BYTE SM_966[] = {
	1,0,0,1,0, //
	1,0,0,1,0,
	1,1,1,1,1,
	0,0,0,1,0,
	0,0,0,1,0,
	1,1,1,1,1, //
	0,0,1,0,0,
	0,0,1,0,0,
	0,0,1,0,0,
	0,0,1,0,0,
	1,0,0,0,1, //
	1,0,0,0,1,
	1,1,1,1,1,
	1,0,0,0,1,
	1,0,0,0,1,
100 };

#if 0
MULTILIST SM_971[] = {
 { packany8, 1 },
 { float6pack, 1 },
 { 0, 0 },
};
#else
BYTE SM_971[] = {
	1,1,1,0,0, //
	1,1,1,0,0,
	0,0,0,0,0,
	0,0,0,0,0,
	0,0,0,0,0,
	0,1,1,1,0, //
	0,1,1,1,0,
	0,0,0,0,0,
	0,0,0,0,0,
	0,0,0,0,0,
	0,0,1,1,1, //
	0,0,1,1,1,
	0,0,0,0,0,
	0,0,0,0,0,
	0,0,0,0,0,
	0,0,0,0,0, //
	1,1,1,0,0,
	1,1,1,0,0,
	0,0,0,0,0,
	0,0,0,0,0,
	0,0,0,0,0, //
	0,1,1,1,0,
	0,1,1,1,0,
	0,0,0,0,0,
	0,0,0,0,0,
	0,0,0,0,0, //
	0,0,1,1,1,
	0,0,1,1,1,
	0,0,0,0,0,
	0,0,0,0,0,
	0,0,0,0,0, //
	0,0,0,0,0,
	1,1,1,0,0,
	1,1,1,0,0,
	0,0,0,0,0,
	0,0,0,0,0, //
	0,0,0,0,0,
	0,1,1,1,0,
	0,1,1,1,0,
	0,0,0,0,0,
	0,0,0,0,0, //
	0,0,0,0,0,
	0,0,1,1,1,
	0,0,1,1,1,
	0,0,0,0,0,
	0,0,0,0,0, //
	0,0,0,0,0,
	0,0,0,0,0,
	1,1,1,0,0,
	1,1,1,0,0,
	0,0,0,0,0, //
	0,0,0,0,0,
	0,0,0,0,0,
	0,1,1,1,0,
	0,1,1,1,0,
	0,0,0,0,0, //
	0,0,0,0,0,
	0,0,0,0,0,
	0,0,1,1,1,
	0,0,1,1,1,
	1,1,0,0,0, //
	1,1,0,0,0,
	1,1,0,0,0,
	0,0,0,0,0,
	0,0,0,0,0,
	0,1,1,0,0, //
	0,1,1,0,0,
	0,1,1,0,0,
	0,0,0,0,0,
	0,0,0,0,0,
	0,0,1,1,0, //
	0,0,1,1,0,
	0,0,1,1,0,
	0,0,0,0,0,
	0,0,0,0,0,
	0,0,0,1,1, //
	0,0,0,1,1,
	0,0,0,1,1,
	0,0,0,0,0,
	0,0,0,0,0,
	0,0,0,0,0, //
	1,1,0,0,0,
	1,1,0,0,0,
	1,1,0,0,0,
	0,0,0,0,0,
	0,0,0,0,0, //
	0,1,1,0,0,
	0,1,1,0,0,
	0,1,1,0,0,
	0,0,0,0,0,
	0,0,0,0,0, //
	0,0,1,1,0,
	0,0,1,1,0,
	0,0,1,1,0,
	0,0,0,0,0,
	0,0,0,0,0, //
	0,0,0,1,1,
	0,0,0,1,1,
	0,0,0,1,1,
	0,0,0,0,0,
	0,0,0,0,0, //
	0,0,0,0,0,
	1,1,0,0,0,
	1,1,0,0,0,
	1,1,0,0,0,
	0,0,0,0,0, //
	0,0,0,0,0,
	0,1,1,0,0,
	0,1,1,0,0,
	0,1,1,0,0,
	0,0,0,0,0, //
	0,0,0,0,0,
	0,0,1,1,0,
	0,0,1,1,0,
	0,0,1,1,0,
	0,0,0,0,0, //
	0,0,0,0,0,
	0,0,0,1,1,
	0,0,0,1,1,
	0,0,0,1,1,
'X',
	1,1,0,0,0, //
	1,1,0,0,0,
	1,1,0,0,0,
	1,1,0,0,0,
	0,0,0,0,0,
	0,1,1,0,0, //
	0,1,1,0,0,
	0,1,1,0,0,
	0,1,1,0,0,
	0,0,0,0,0,
	0,0,1,1,0, //
	0,0,1,1,0,
	0,0,1,1,0,
	0,0,1,1,0,
	0,0,0,0,0,
	0,0,0,1,1, //
	0,0,0,1,1,
	0,0,0,1,1,
	0,0,0,1,1,
	0,0,0,0,0,
	0,0,0,0,0, //
	1,1,0,0,0,
	1,1,0,0,0,
	1,1,0,0,0,
	1,1,0,0,0,
	0,0,0,0,0, //
	0,1,1,0,0,
	0,1,1,0,0,
	0,1,1,0,0,
	0,1,1,0,0,
	0,0,0,0,0, //
	0,0,1,1,0,
	0,0,1,1,0,
	0,0,1,1,0,
	0,0,1,1,0,
	0,0,0,0,0, //
	0,0,0,1,1,
	0,0,0,1,1,
	0,0,0,1,1,
	0,0,0,1,1,
	1,1,1,1,0, //
	1,1,1,1,0,
	0,0,0,0,0,
	0,0,0,0,0,
	0,0,0,0,0,
	0,1,1,1,1, //
	0,1,1,1,1,
	0,0,0,0,0,
	0,0,0,0,0,
	0,0,0,0,0,
	0,0,0,0,0, //
	1,1,1,1,0,
	1,1,1,1,0,
	0,0,0,0,0,
	0,0,0,0,0,
	0,0,0,0,0, //
	0,1,1,1,1,
	0,1,1,1,1,
	0,0,0,0,0,
	0,0,0,0,0,
	0,0,0,0,0, //
	0,0,0,0,0,
	1,1,1,1,0,
	1,1,1,1,0,
	0,0,0,0,0,
	0,0,0,0,0, //
	0,0,0,0,0,
	0,1,1,1,1,
	0,1,1,1,1,
	0,0,0,0,0,
	0,0,0,0,0, //
	0,0,0,0,0,
	0,0,0,0,0,
	1,1,1,1,0,
	1,1,1,1,0,
	0,0,0,0,0, //
	0,0,0,0,0,
	0,0,0,0,0,
	0,1,1,1,1,
	0,1,1,1,1,
100 };
#endif

MULTILIST SM_972[] = {
 { corners, 1 } ,
 { awsl, 1 } ,
 { float6pack, 1 } ,
 { 0, 0 } ,
};


BYTE SM_974[] = {
	1,0,0,0,0, //
	0,1,0,0,0,
	0,0,1,0,0,
	0,1,0,0,0,
	1,0,0,0,0,
	1,0,0,0,1, //
	0,1,0,1,0,
	0,0,1,0,0,
	0,0,0,0,0,
	0,0,0,0,0,
	0,0,0,0,1, //
	0,0,0,1,0,
	0,0,1,0,0,
	0,0,0,1,0,
	0,0,0,0,1,
	0,0,0,0,0, //
	0,0,0,0,0,
	0,0,1,0,0,
	0,1,0,1,0,
	1,0,0,0,1,

	1,0,0,0,0, //
	0,1,0,0,0,
	0,0,1,0,0,
	0,0,0,1,0,
	0,0,0,0,1,
	0,0,0,0,1, //
	0,0,0,1,0,
	0,0,1,0,0,
	0,1,0,0,0,
	1,0,0,0,0,
100 };

BYTE SM_976[] = {
	1,0,0,0,1, //
	0,1,0,1,0,
	0,0,1,0,0,
	0,1,0,1,0,
	1,0,0,0,1,
	1,0,0,0,1, //
	0,1,0,1,0,
	0,0,1,0,0,
	0,1,0,1,0,
	1,0,0,0,1,
	0,0,0,0,0, //
	0,0,0,0,0,
	0,0,1,0,0,
	0,0,0,0,0,
	0,0,0,0,0,
100 };

BYTE SM_978[] = {
	1,1,1,1,1, //
	1,0,0,0,0,
	1,1,1,1,1,
	1,0,0,0,0,
	1,0,0,0,0,
	1,0,0,0,1, //
	0,1,0,1,0,
	0,0,1,0,0,
	0,0,1,0,0,
	0,0,1,0,0,
	1,1,1,1,1, //
	1,0,0,0,1,
	1,1,1,1,1,
	1,0,0,0,1,
	1,0,0,0,1,
100 };

BYTE SM_979[] = {
	1,1,1,1,1, //
	0,0,1,0,0,
	0,0,1,0,0,
	0,0,1,0,0,
	0,0,1,0,0,
	0,1,0,0,1, //
	0,1,0,1,0,
	0,1,1,0,0,
	0,1,0,1,0,
	0,1,0,0,1,
	0,1,1,1,0, //
	0,1,0,0,1,
	0,1,0,0,1,
	0,1,0,0,1,
	0,1,1,1,0,
100 };

MULTILIST SM_980[] = {
 { any_stamp, 1 } ,
 { float6pack, 1 } ,
 { packany9, 1 } ,
 { 0, 0 } ,
};

/*
BYTE letterU[] = {
	1,0,0,0,1,
	1,0,0,0,1,
	1,0,0,0,1,
	1,0,0,0,1,
	1,1,1,1,1, //
100 };

BYTE letterS[] = {
	1,1,1,1,1, //
	1,0,0,0,0,
	1,1,1,1,1, 
	0,0,0,0,1,
	1,1,1,1,1, 
100 };

BYTE letterA[] = {
	1,1,1,1,1, //
	1,0,0,0,1,
	1,1,1,1,1, 
	1,0,0,0,1,
	1,0,0,0,1,
100 };

MULTILIST SM_981[] = {
 { letterU, 1 } ,
 { letterS, 1 } ,
 { letterA, 1 } ,
 { 0, 0 } ,
};
*/

	   /*
MULTILIST SM_981[] = {
 { corner_stamp, 1 } ,
 { corners, 1 } ,
 { icorners, 1 } ,
 { diagonal, 1 } ,
 { vertical, 1 } ,
 { horizontal, 1 } ,
 { 0, 0 } ,
};
*/

BYTE awsl4cornpstampsmdiam[] = {
	1,0,0,0,0, //
	1,0,0,0,0,
	1,0,0,0,0, 
	1,0,0,0,0,
	1,0,0,0,0,
	0,1,0,0,0, //
	0,1,0,0,0,
	0,1,0,0,0, 
	0,1,0,0,0,
	0,1,0,0,0,
	0,0,1,0,0, //
	0,0,1,0,0,
	0,0,1,0,0, 
	0,0,1,0,0,
	0,0,1,0,0,
	0,0,0,1,0, //
	0,0,0,1,0,
	0,0,0,1,0, 
	0,0,0,1,0,
	0,0,0,1,0,
	0,0,0,0,1, //
	0,0,0,0,1,
	0,0,0,0,1, 
	0,0,0,0,1,
	0,0,0,0,1,

	1,1,1,1,1, //
	0,0,0,0,0,
	0,0,0,0,0, 
	0,0,0,0,0,
	0,0,0,0,0,
	0,0,0,0,0, //
	1,1,1,1,1, 
	0,0,0,0,0, 
	0,0,0,0,0,
	0,0,0,0,0,
	0,0,0,0,0, //
	0,0,0,0,0,
	1,1,1,1,1, 
	0,0,0,0,0, 
	0,0,0,0,0,
	0,0,0,0,0, //
	0,0,0,0,0,
	0,0,0,0,0, 
	1,1,1,1,1, 
	0,0,0,0,0,
	0,0,0,0,0, //
	0,0,0,0,0, 
	0,0,0,0,0,
	0,0,0,0,0,
	1,1,1,1,1, 

	0,0,0,0,1, //
	0,0,0,1,0, 
	0,0,1,0,0,
	0,1,0,0,0,
	1,0,0,0,0,
	1,0,0,0,0, //
	0,1,0,0,0, 
	0,0,1,0,0,
	0,0,0,1,0,
	0,0,0,0,1,

	1,1,0,0,0, //
	1,1,0,0,0, 
	0,0,0,0,0,
	0,0,0,0,0,
	0,0,0,0,0,
	0,0,0,1,1, //
	0,0,0,1,1, 
	0,0,0,0,0,
	0,0,0,0,0,
	0,0,0,0,0,
	0,0,0,0,0, //
	0,0,0,0,0, 
	0,0,0,0,0,
	0,0,0,1,1,
	0,0,0,1,1,
	0,0,0,0,0, //
	0,0,0,0,0, 
	0,0,0,0,0,
	1,1,0,0,0,
	1,1,0,0,0,

	1,0,0,0,1, //
	0,0,0,0,0, 
	0,0,0,0,0,
	0,0,0,0,0,
	1,0,0,0,1,

	0,0,0,0,0, //
	0,0,1,0,0, 
	0,1,0,1,0,
	0,0,1,0,0,
	0,0,0,0,0,
100 };

MULTILIST SM_981[] = {
 { awsl4cornpstampsmdiam, 1 },
 { awsl4cornpstampsmdiam, 1 },
 { awsl4cornpstampsmdiam, 1 },
 { 0, 0 },
};


BYTE SM_982[] = {
	1,0,0,0,1, //
	1,0,0,0,1,
	1,0,0,0,1, 
	1,0,0,0,1,
	1,1,1,1,1, 
	1,1,1,1,1, //
	1,0,0,0,0,
	1,1,1,1,1, 
	0,0,0,0,1,
	1,1,1,1,1, 
	0,0,1,0,0, //
	0,1,0,1,0,
	1,1,1,1,1, 
	1,0,0,0,1,
	1,0,0,0,1, 
100 };

/*
BYTE SM_U[] = {
	1,0,0,0,1, //
	1,0,0,0,1,
	1,0,0,0,1, 
	1,0,0,0,1,
	1,1,1,1,1, 
100 };

BYTE SM_S[] = {
	1,1,1,1,1, //
	1,0,0,0,0,
	1,1,1,1,1, 
	0,0,0,0,1,
	1,1,1,1,1, 
100 };

BYTE SM_A[] = {
	0,0,1,0,0, //
	0,1,0,1,0,
	1,1,1,1,1, 
	1,0,0,0,1,
	1,0,0,0,1, 
100 };

MULTILIST SM_982[] = {
 { SM_U, 1 } ,
 { SM_S, 1 } ,
 { SM_A, 1 } ,
 { 0, 0 } ,
};
*/

MULTILIST SM_983[] = {
 { awsl, 1 },
 { awsl, 1 },
 { awsl, 1 },
 { 0, 0 },
};


BYTE float6packhardfirst[] = {
	1,1,1,0,0, //
	1,1,1,0,0,
	0,0,0,0,0,
	0,0,0,0,0,
	0,0,0,0,0,
	0,1,1,1,0, //
	0,1,1,1,0,
	0,0,0,0,0,
	0,0,0,0,0,
	0,0,0,0,0,
	0,0,1,1,1, //
	0,0,1,1,1,
	0,0,0,0,0,
	0,0,0,0,0,
	0,0,0,0,0,
	0,0,0,1,1, //
	0,0,0,1,1,
	0,0,0,1,1,
	0,0,0,0,0,
	0,0,0,0,0,
	0,0,0,0,0, //
	0,0,0,1,1,
	0,0,0,1,1,
	0,0,0,1,1,
	0,0,0,0,0,
	0,0,0,0,0, //
	0,0,0,0,0,
	0,0,0,1,1,
	0,0,0,1,1,
	0,0,0,1,1,
	0,0,0,0,0, //
	0,0,0,0,0,
	0,0,0,0,0,
	0,0,1,1,1,
	0,0,1,1,1,
	0,0,0,0,0, //
	0,0,0,0,0,
	0,0,0,0,0,
	0,1,1,1,0,
	0,1,1,1,0,
	0,0,0,0,0, //
	0,0,0,0,0,
	0,0,0,0,0,
	1,1,1,0,0,
	1,1,1,0,0,
	0,0,0,0,0, //
	0,0,0,0,0,
	1,1,0,0,0,
	1,1,0,0,0,
	1,1,0,0,0,
	0,0,0,0,0, //
	1,1,0,0,0,
	1,1,0,0,0,
	1,1,0,0,0,
	0,0,0,0,0,
	1,1,0,0,0, //
	1,1,0,0,0,
	1,1,0,0,0,
	0,0,0,0,0,
	0,0,0,0,0,

	0,0,0,0,0, //
	1,1,1,0,0,
	1,1,1,0,0,
	0,0,0,0,0,
	0,0,0,0,0,
	0,1,1,0,0, //
	0,1,1,0,0,
	0,1,1,0,0,
	0,0,0,0,0,
	0,0,0,0,0,
	0,0,1,1,0, //
	0,0,1,1,0,
	0,0,1,1,0,
	0,0,0,0,0,
	0,0,0,0,0,
	0,0,0,0,0, //
	0,0,1,1,1,
	0,0,1,1,1,
	0,0,0,0,0,
	0,0,0,0,0,
	0,0,0,0,0, //
	0,0,0,0,0,
	0,0,1,1,1,
	0,0,1,1,1,
	0,0,0,0,0,
	0,0,0,0,0, //
	0,0,0,0,0,
	0,0,1,1,0,
	0,0,1,1,0,
	0,0,1,1,0,
	0,0,0,0,0, //
	0,0,0,0,0,
	0,1,1,0,0,
	0,1,1,0,0,
	0,1,1,0,0,
	0,0,0,0,0, //
	0,0,0,0,0,
	1,1,1,0,0,
	1,1,1,0,0,
	0,0,0,0,0,

	0,0,0,0,0, //
	0,1,1,1,0,
	0,1,1,1,0,
	0,0,0,0,0,
	0,0,0,0,0,
	0,0,0,0,0, //
	0,0,1,1,0,
	0,0,1,1,0,
	0,0,1,1,0,
	0,0,0,0,0,
	0,0,0,0,0, //
	0,0,0,0,0,
	0,1,1,1,0,
	0,1,1,1,0,
	0,0,0,0,0,
	0,0,0,0,0, //
	0,1,1,0,0,
	0,1,1,0,0,
	0,1,1,0,0,
	0,0,0,0,0,
100 };

BYTE SM_984[] = {
 1,0,0,0,1,	//
 1,0,0,0,1,
 1,0,0,0,1,
 1,0,0,0,1,
 1,1,1,1,1,
 0,0,0,0,0, //
 0,0,0,0,0,
 0,0,0,0,0,
 0,0,0,0,0,
 0,0,0,0,0,
 0,0,0,0,0, //
 0,0,0,0,0,
 0,0,0,0,0,
 0,0,0,0,0,
 0,0,0,0,0,

 0,0,0,0,0, //
 0,0,0,0,0,
 0,0,0,0,0,
 0,0,0,0,0,
 0,0,0,0,0,
 1,1,1,1,1,	//
 1,0,0,0,0,
 1,1,1,1,1,
 0,0,0,0,1,
 1,1,1,1,1,
 0,0,0,0,0, //
 0,0,0,0,0,
 0,0,0,0,0,
 0,0,0,0,0,
 0,0,0,0,0,

 0,0,0,0,0,	//
 0,0,0,0,0,
 0,0,0,0,0,
 0,0,0,0,0,
 0,0,0,0,0,
 0,0,0,0,0, //
 0,0,0,0,0,
 0,0,0,0,0,
 0,0,0,0,0,
 0,0,0,0,0,
 0,0,1,0,0,	//
 0,1,0,1,0,
 1,1,1,1,1,
 1,0,0,0,1,
 1,0,0,0,1,

100 };

BYTE corn4awsl[] = {
	1,0,0,0,1, //
	0,0,0,0,0,
	0,0,0,0,0,
	0,0,0,0,0,
	1,0,0,0,1,
	1,0,0,0,0, //
	1,0,0,0,0,
	1,0,0,0,0,
	1,0,0,0,0,
	1,0,0,0,0,
	0,1,0,0,0, //
	0,1,0,0,0,
	0,1,0,0,0,
	0,1,0,0,0,
	0,1,0,0,0,
	0,0,1,0,0, //
	0,0,1,0,0,
	0,0,1,0,0,
	0,0,1,0,0,
	0,0,1,0,0,
	0,0,0,1,0, //
	0,0,0,1,0,
	0,0,0,1,0,
	0,0,0,1,0,
	0,0,0,1,0,
	0,0,0,0,1, //
	0,0,0,0,1,
	0,0,0,0,1,
	0,0,0,0,1,
	0,0,0,0,1,
	1,1,1,1,1, //
	0,0,0,0,0,
	0,0,0,0,0,
	0,0,0,0,0,
	0,0,0,0,0,
	0,0,0,0,0, //
	1,1,1,1,1,
	0,0,0,0,0,
	0,0,0,0,0,
	0,0,0,0,0,
	0,0,0,0,0, //
	0,0,0,0,0,
	1,1,1,1,1,
	0,0,0,0,0,
	0,0,0,0,0,
	0,0,0,0,0, //
	0,0,0,0,0,
	0,0,0,0,0,
	1,1,1,1,1,
	0,0,0,0,0,
	0,0,0,0,0, //
	0,0,0,0,0,
	0,0,0,0,0,
	0,0,0,0,0,
	1,1,1,1,1,
	1,0,0,0,0, //
	0,1,0,0,0,
	0,0,1,0,0,
	0,0,0,1,0,
	0,0,0,0,1,
	0,0,0,0,1, //
	0,0,0,1,0,
	0,0,1,0,0,
	0,1,0,0,0,
	1,0,0,0,0,
100 };

BYTE SM_985[] = {
 1,0,0,0,1,	//
 0,0,0,0,0,
 0,0,0,0,0,
 0,0,0,0,0,
 1,0,0,0,1,
 0,0,0,0,0, //
 0,0,0,0,0,
 0,0,0,0,0,
 0,0,0,0,0,
 0,0,0,0,0,
 0,0,0,0,0, //
 0,0,0,0,0,
 0,0,0,0,0,
 0,0,0,0,0,
 0,0,0,0,0,
};

BYTE SM_988[] = {
	1,0,0,0,1, //
	1,1,0,1,1,
	1,0,1,0,1, 
	1,0,0,0,1,
	1,0,0,0,1, 
	0,1,1,1,0, //
	0,1,0,1,0,
	0,1,0,1,0, 
	0,1,0,1,0,
	0,1,1,1,0, 
	1,0,0,0,1, //
	1,1,0,1,1,
	1,0,1,0,1, 
	1,0,0,0,1,
	1,0,0,0,1, 
100 };

BYTE SM_989[] = {
	0,1,1,0,0, //
	0,1,0,1,0,
	0,1,0,1,0, 
	0,1,0,1,0,
	0,1,1,0,0, 
	0,1,1,1,0, //
	0,1,0,1,0,
	0,1,1,1,0, 
	0,1,0,1,0,
	0,1,0,1,0, 
	0,1,1,0,0, //
	0,1,0,1,0,
	0,1,0,1,0, 
	0,1,0,1,0,
	0,1,1,0,0, 
100 };

BYTE SM_990[] = {
	1,1,0,0,0, //
	1,1,0,0,0,
	1,1,0,0,0,
	1,1,0,0,0,
	1,1,0,0,0,
	1,0,1,0,0, //
	1,0,1,0,0,
	1,0,1,0,0,
	1,0,1,0,0,
	1,0,1,0,0,
	1,0,0,1,0, //
	1,0,0,1,0,
	1,0,0,1,0,
	1,0,0,1,0,
	1,0,0,1,0,
	1,0,0,0,1, //
	1,0,0,0,1,
	1,0,0,0,1,
	1,0,0,0,1,
	1,0,0,0,1,
	1,1,1,1,1, //
	1,0,0,0,0,
	1,0,0,0,0,
	1,0,0,0,0,
	1,0,0,0,0,
	1,0,0,0,0, //
	1,1,1,1,1,
	1,0,0,0,0,
	1,0,0,0,0,
	1,0,0,0,0,
	1,0,0,0,0, //
	1,0,0,0,0,
	1,1,1,1,1,
	1,0,0,0,0,
	1,0,0,0,0,
	1,0,0,0,0, //
	1,0,0,0,0,
	1,0,0,0,0,
	1,1,1,1,1,
	1,0,0,0,0,
	1,0,0,0,0, //
	1,0,0,0,0,
	1,0,0,0,0,
	1,0,0,0,0,
	1,1,1,1,1,
	1,0,0,0,0, //
	1,1,0,0,0,
	1,0,1,0,0,
	1,0,0,1,0,
	1,0,0,0,1,
	1,0,0,0,1, //
	1,0,0,1,0,
	1,0,1,0,0,
	1,1,0,0,0,
	1,0,0,0,0,
	
	0,1,1,0,0, //
	0,1,1,0,0,
	0,1,1,0,0,
	0,1,1,0,0,
	0,1,1,0,0,
	0,1,0,1,0, //
	0,1,0,1,0,
	0,1,0,1,0,
	0,1,0,1,0,
	0,1,0,1,0,
	0,1,0,0,1, //
	0,1,0,0,1,
	0,1,0,0,1,
	0,1,0,0,1,
	0,1,0,0,1,
	1,1,1,1,1, //
	0,1,0,0,0,
	0,1,0,0,0,
	0,1,0,0,0,
	0,1,0,0,0,
	0,1,0,0,0, //
	1,1,1,1,1,
	0,1,0,0,0,
	0,1,0,0,0,
	0,1,0,0,0,
	0,1,0,0,0, //
	0,1,0,0,0,
	1,1,1,1,1,
	0,1,0,0,0,
	0,1,0,0,0,
	0,1,0,0,0, //
	0,1,0,0,0,
	0,1,0,0,0,
	1,1,1,1,1,
	0,1,0,0,0,
	0,1,0,0,0, //
	0,1,0,0,0,
	0,1,0,0,0,
	0,1,0,0,0,
	1,1,1,1,1,
	1,1,0,0,0, //
	0,1,0,0,0,
	0,1,1,0,0,
	0,1,0,1,0,
	0,1,0,0,1,
	0,1,0,0,1, //
	0,1,0,1,0,
	0,1,1,0,0,
	0,1,0,0,0,
	1,1,0,0,0,
	
	0,0,1,1,0, //
	0,0,1,1,0,
	0,0,1,1,0,
	0,0,1,1,0,
	0,0,1,1,0,
	0,0,1,0,1, //
	0,0,1,0,1,
	0,0,1,0,1,
	0,0,1,0,1,
	0,0,1,0,1,
	1,1,1,1,1, //
	0,0,1,0,0,
	0,0,1,0,0,
	0,0,1,0,0,
	0,0,1,0,0,
	0,0,1,0,0, //
	1,1,1,1,1,
	0,0,1,0,0,
	0,0,1,0,0,
	0,0,1,0,0,
	0,0,1,0,0, //
	0,0,1,0,0,
	1,1,1,1,1,
	0,0,1,0,0,
	0,0,1,0,0,
	0,0,1,0,0, //
	0,0,1,0,0,
	0,0,1,0,0,
	1,1,1,1,1,
	0,0,1,0,0,
	0,0,1,0,0, //
	0,0,1,0,0,
	0,0,1,0,0,
	0,0,1,0,0,
	1,1,1,1,1,
	1,0,1,0,0, //
	0,1,1,0,0,
	0,0,1,0,0,
	0,0,1,1,0,
	0,0,1,0,1,
	0,0,1,0,1, //
	0,0,1,1,0,
	0,0,1,0,0,
	0,1,1,0,0,
	1,0,1,0,0,
	
	0,0,0,1,1, //
	0,0,0,1,1,
	0,0,0,1,1,
	0,0,0,1,1,
	0,0,0,1,1,
	1,1,1,1,1, //
	0,0,0,1,0,
	0,0,0,1,0,
	0,0,0,1,0,
	0,0,0,1,0,
	0,0,0,1,0, //
	1,1,1,1,1,
	0,0,0,1,0,
	0,0,0,1,0,
	0,0,0,1,0,
	0,0,0,1,0, //
	0,0,0,1,0,
	1,1,1,1,1,
	0,0,0,1,0,
	0,0,0,1,0,
	0,0,0,1,0, //
	0,0,0,1,0,
	0,0,0,1,0,
	1,1,1,1,1,
	0,0,0,1,0,
	0,0,0,1,0, //
	0,0,0,1,0,
	0,0,0,1,0,
	0,0,0,1,0,
	1,1,1,1,1,
	1,0,0,1,0, //
	0,1,0,1,0,
	0,0,1,1,0,
	0,0,0,1,0,
	0,0,0,1,1,
	0,0,0,1,1, //
	0,0,0,1,0,
	0,0,1,1,0,
	0,1,0,1,0,
	1,0,0,1,0,
	
	1,1,1,1,1, //
	0,0,0,0,1,
	0,0,0,0,1,
	0,0,0,0,1,
	0,0,0,0,1,
	0,0,0,0,1, //
	1,1,1,1,1,
	0,0,0,0,1,
	0,0,0,0,1,
	0,0,0,0,1,
	0,0,0,0,1, //
	0,0,0,0,1,
	1,1,1,1,1,
	0,0,0,0,1,
	0,0,0,0,1,
	0,0,0,0,1, //
	0,0,0,0,1,
	0,0,0,0,1,
	1,1,1,1,1,
	0,0,0,0,1,
	0,0,0,0,1, //
	0,0,0,0,1,
	0,0,0,0,1,
	0,0,0,0,1,
	1,1,1,1,1,
	1,0,0,0,1, //
	0,1,0,0,1,
	0,0,1,0,1,
	0,0,0,1,1,
	0,0,0,0,1,
	0,0,0,0,1, //
	0,0,0,1,1,
	0,0,1,0,1,
	0,1,0,0,1,
	1,0,0,0,1,
	
	1,1,1,1,1, //
	1,1,1,1,1,
	0,0,0,0,0,
	0,0,0,0,0,
	0,0,0,0,0,
	1,1,1,1,1, //
	0,0,0,0,0,
	1,1,1,1,1,
	0,0,0,0,0,
	0,0,0,0,0,
	1,1,1,1,1, //
	0,0,0,0,0,
	0,0,0,0,0,
	1,1,1,1,1,
	0,0,0,0,0,
	1,1,1,1,1, //
	0,0,0,0,0,
	0,0,0,0,0,
	0,0,0,0,0,
	1,1,1,1,1,
	1,1,1,1,1, //
	0,1,0,0,0,
	0,0,1,0,0,
	0,0,0,1,0,
	0,0,0,0,1,
	1,1,1,1,1, //
	0,0,0,1,0,
	0,0,1,0,0,
	0,1,0,0,0,
	1,0,0,0,0,
	
	0,0,0,0,0, //
	1,1,1,1,1,
	1,1,1,1,1,
	0,0,0,0,0,
	0,0,0,0,0,
	0,0,0,0,0, //
	1,1,1,1,1,
	0,0,0,0,0,
	1,1,1,1,1,
	0,0,0,0,0,
	0,0,0,0,0, //
	1,1,1,1,1,
	0,0,0,0,0,
	0,0,0,0,0,
	1,1,1,1,1,
	1,0,0,0,0, //
	1,1,1,1,1,
	0,0,1,0,0,
	0,0,0,1,0,
	0,0,0,0,1,
	0,0,0,0,1, //
	1,1,1,1,1,
	0,0,1,0,0,
	0,1,0,0,0,
	1,0,0,0,0,
	
	0,0,0,0,0, //
	0,0,0,0,0,
	1,1,1,1,1,
	1,1,1,1,1,
	0,0,0,0,0,
	0,0,0,0,0, //
	0,0,0,0,0,
	1,1,1,1,1,
	0,0,0,0,0,
	1,1,1,1,1,
	1,0,0,0,0, //
	0,1,0,0,0,
	1,1,1,1,1,
	0,0,0,1,0,
	0,0,0,0,1,
	0,0,0,0,1, //
	0,0,0,1,0,
	1,1,1,1,1,
	0,1,0,0,0,
	1,0,0,0,0,
	
	0,0,0,0,0, //
	0,0,0,0,0,
	0,0,0,0,0,
	1,1,1,1,1,
	1,1,1,1,1,
	1,0,0,0,0, //
	0,1,0,0,0,
	0,0,1,0,0,
	1,1,1,1,1,
	0,0,0,0,1,
	0,0,0,0,1, //
	0,0,0,1,0,
	0,0,1,0,0,
	1,1,1,1,1,
	1,0,0,0,0,
	
	1,0,0,0,0, //
	0,1,0,0,0,
	0,0,1,0,0,
	0,0,0,1,0,
	1,1,1,1,1,
	0,0,0,0,1, //
	0,0,0,1,0,
	0,0,1,0,0,
	0,1,0,0,0,
	1,1,1,1,1,

	
	1,0,0,0,1, //
	0,1,0,1,0,
	0,0,1,0,0,
	0,1,0,1,0,
	1,0,0,0,1,
100 };
	
BYTE SM_991[] = {
	1,1,1,1,0, // "B"
	1,0,0,1,0,
	1,1,1,0,0,
	1,0,0,1,0,
	1,1,1,1,0,
	0,1,1,1,0, // "O"
	1,0,0,0,1,
	1,0,0,0,1,
	1,0,0,0,1,
	0,1,1,1,0,
	0,1,1,1,0, // "O"
	1,0,0,0,1,
	1,0,0,0,1,
	1,0,0,0,1,
	0,1,1,1,0,
100 };

//Soboba: Thanx
BYTE SM_992[] = {
	1,1,1,1,1, // "T"
	0,0,1,0,0,
	0,0,1,0,0,
	0,0,1,0,0,
	0,0,1,0,0,
	1,0,0,0,1, // "H"
	1,0,0,0,1,
	1,1,1,1,1,
	1,0,0,0,1,
	1,0,0,0,1,
	1,0,0,0,1, // "X"
	0,1,0,1,0,
	0,0,1,0,0,
	0,1,0,1,0,
	1,0,0,0,1,
100 };

//Soboba: Thanx
BYTE SM_993[] = {
	1,0,1,0,0, // "Ho"
	1,1,1,0,0,
	1,0,1,1,1,
	0,0,1,0,1,
	0,0,1,1,1,
	1,0,1,0,0, // "Ho"
	1,1,1,0,0,
	1,0,1,1,1,
	0,0,1,0,1,
	0,0,1,1,1,
	1,0,1,0,0, // "Ho"
	1,1,1,0,0,
	1,0,1,1,1,
	0,0,1,0,1,
	0,0,1,1,1,
100 };

//Soboba: Thanx
BYTE SM_994[] = {
	0,1,1,1,0, // "2"
	0,0,0,1,0,
	0,1,1,1,0,
	0,1,0,0,0,
	0,1,1,1,0,
	1,1,1,1,1, // "00"
	1,0,1,0,1,
	1,0,1,0,1,
	1,0,1,0,1,
	1,1,1,1,1,
	0,1,1,1,0, // "9"
	0,1,0,1,0,
	0,1,1,1,0,
	0,0,0,1,0,
	0,0,0,1,0,
100 };

//Soboba: N..F..L

BYTE SM_995[] = {
	1,0,0,0,1, // "N"
	1,1,0,0,1,
	1,0,1,0,1,
	1,0,0,1,1,
	1,0,0,0,1,

	1,1,1,1,1, // "F"
	1,0,0,0,0,
	1,1,1,1,1,
	1,0,0,0,0,
	1,0,0,0,0,

	1,0,0,0,0, // "L"
	1,0,0,0,0,
	1,0,0,0,0,
	1,0,0,0,0,
	1,1,1,1,1,
100 };

//Soboba: L..U..V

BYTE SM_996[] = {
	1,0,0,0,0, // "L"
	1,0,0,0,0,
	1,0,0,0,0,
	1,0,0,0,0,
	1,1,1,1,1,

	1,0,0,0,1, // "U"
	1,0,0,0,1,
	1,0,0,0,1,
	1,0,0,0,1,
	1,1,1,1,1,

	1,0,0,0,1, // "V"
	1,0,0,0,1,
	1,0,0,0,1,
	0,1,0,1,0,
	0,0,1,0,0,
100 };

////


BYTE SM_997[] = {
	1,0,0,0,1, //
	0,0,0,1,0,
	0,0,1,0,0,
	0,1,0,0,0,
	1,0,0,0,0,
	0,0,0,0,1, //
	0,0,0,1,0,
	0,0,1,0,0,
	0,1,0,0,0,
	1,0,0,0,1,	
	1,0,0,0,1, //
	0,1,0,0,0,
	0,0,1,0,0,
	0,0,0,1,0,
	0,0,0,0,1,		
	1,0,0,0,0, //
	0,1,0,0,0,
	0,0,1,0,0,
	0,0,0,1,0,
	1,0,0,0,1,		
100 };

BYTE SM_999[] = {
	1,0,0,0,0, //
	0,1,0,0,0,
	0,0,1,0,0,
	0,0,0,1,0,
	0,0,0,0,1,
	0,0,0,0,1, //
	0,0,0,1,0,
	0,0,1,0,0,
	0,1,0,0,0,
	1,0,0,0,0,		
100 };

MULTILIST SM_1003[] = {
 { any_stamp, 1 } ,
 { awsl, 1 } ,
 { float6pack, 1 } ,
 { 0, 0 } ,
};

MULTILIST SM_1005[] = {
 { horizontal_line, 1 } ,
 { vertical, 1 } ,
 { diagonal, 1 } ,
 { 0, 0 } ,
};

BYTE SM_1008[] = {
	1,1,1,1,1, //
	0,0,0,1,0,
	0,0,1,0,0,
	0,1,0,0,0,
	1,0,0,0,0,
	1,0,0,0,1, //
	0,1,0,0,1,
	0,0,1,0,1,
	0,0,0,1,1,
	0,0,0,0,1,
	0,0,0,0,1, //
	0,0,0,1,0,
	0,0,1,0,0,
	0,1,0,0,0,
	1,1,1,1,1,
	1,0,0,0,0, //
	1,1,0,0,0,
	1,0,1,0,0,
	1,0,0,1,0,
	1,0,0,0,1,
100 };

