//
MULTILIST SM_401[] = {
 { awsl, 1 } ,
 { awsl, 2 } ,
 { awsl, 3 } ,
 { corners, 1 } ,
 { 0, 0 } ,
};

MULTILIST SM_402[] = {
 { any_stamp, 1 } ,
 { float6pack, 1 } ,
 { packany8, 1 } ,
 { packany9, 1 } ,
 { 0, 0 } ,
};

BYTE SM_403[] = {
	1,0,0,0,1, //
	0,0,0,0,0,
	0,0,0,0,0,
	0,0,0,0,0,
	1,0,0,0,1,
100 };
BYTE SM_404[] = {
	1,0,0,0,1, //
	0,0,0,0,0,
	0,0,0,0,0,
	0,0,0,0,0,
	1,0,0,0,1,
100 };
BYTE SM_405[] = {
	1,0,0,0,1, //
	0,0,0,0,0,
	0,0,0,0,0,
	0,0,0,0,0,
	1,0,0,0,1,
100 };
BYTE SM_406[] = {
	1,0,0,0,1, //
	0,0,0,0,0,
	0,0,0,0,0,
	0,0,0,0,0,
	1,0,0,0,1,
100 };


BYTE SM_408[] = {
	1,0,0,0,1, //
	0,0,0,0,0,
	0,0,0,0,0,
	0,0,0,0,0,
	1,0,0,0,1,
100 };

BYTE g409[] = {
	1,1,1,1,1, //
	0,0,0,0,0,
	0,0,0,0,0,
	0,0,0,0,0,
	0,0,0,0,0,
	0,0,0,0,0, //
	0,0,0,0,0,
	0,0,0,0,0,
	0,0,0,0,0,
	1,1,1,1,1,
	1,1,1,1,1, //
	0,0,0,0,0,
	0,0,0,0,0,
	0,0,0,0,0,
	0,0,0,0,0,
	0,0,0,0,0, //
	0,0,0,0,0,
	0,0,0,0,0,
	0,0,0,0,0,
	1,1,1,1,1,
100 };

BYTE SM_410[] = {
	1,0,0,0,0, //
	0,1,0,0,0,
	0,0,1,0,0,
	0,0,0,1,0,
	0,0,0,0,1,
	0,0,0,0,1, //
	0,0,0,1,0,
	0,0,1,0,0,
	0,1,0,0,0,
	1,0,0,0,0,
	0,0,0,0,1, //
	0,0,0,1,0,
	0,0,1,0,0,
	0,1,0,0,0,
	1,0,0,0,0,
	1,0,0,0,0, //
	0,1,0,0,0,
	0,0,1,0,0,
	0,0,0,1,0,
	0,0,0,0,1,
100 };

BYTE cornerstampandline[] = {
	1,0,0,0,0, //
	1,0,0,0,0,
	1,0,0,0,0,
	1,0,0,0,0,
	1,0,0,0,0,
	0,1,0,0,0, //
	0,1,0,0,0,
	0,1,0,0,0,
	0,1,0,0,0,
	0,1,0,0,0,
	0,0,1,0,0, //
	0,0,1,0,0,
	0,0,1,0,0,
	0,0,1,0,0,
	0,0,1,0,0,
	0,0,0,1,0, //
	0,0,0,1,0,
	0,0,0,1,0,
	0,0,0,1,0,
	0,0,0,1,0,
	0,0,0,0,1, //
	0,0,0,0,1,
	0,0,0,0,1,
	0,0,0,0,1,
	0,0,0,0,1,
	1,1,1,1,1, //
	0,0,0,0,0,
	0,0,0,0,0,
	0,0,0,0,0,
	0,0,0,0,0,
	0,0,0,0,0, //
	1,1,1,1,1,
	0,0,0,0,0,
	0,0,0,0,0,
	0,0,0,0,0,
	0,0,0,0,0, //
	0,0,0,0,0,
	1,1,1,1,1,
	0,0,0,0,0,
	0,0,0,0,0,
	0,0,0,0,0, //
	0,0,0,0,0,
	0,0,0,0,0,
	1,1,1,1,1,
	0,0,0,0,0,
	0,0,0,0,0, //
	0,0,0,0,0,
	0,0,0,0,0,
	0,0,0,0,0,
	1,1,1,1,1,
	1,0,0,0,0, //
	0,1,0,0,0,
	0,0,1,0,0,
	0,0,0,1,0,
	0,0,0,0,1,
	0,0,0,0,1, //
	0,0,0,1,0,
	0,0,1,0,0,
	0,1,0,0,0,
	1,0,0,0,0,
'x',
	1,1,0,0,0, //
	1,1,0,0,0,
	0,0,0,0,0,
	0,0,0,0,0,
	0,0,0,0,0,
	0,0,0,1,1, //
	0,0,0,1,1,
	0,0,0,0,0,
	0,0,0,0,0,
	0,0,0,0,0,
	0,0,0,0,0, //
	0,0,0,0,0,
	0,0,0,0,0,
	0,0,0,1,1,
	0,0,0,1,1,
	0,0,0,0,0, //
	0,0,0,0,0,
	0,0,0,0,0,
	1,1,0,0,0,
	1,1,0,0,0,
100 };

BYTE SM_412[] = {
	1,0,0,0,0, //
	1,0,0,0,0,
	1,0,0,0,0,
	1,0,0,0,0,
	1,0,0,0,0,
	0,1,0,0,0, //
	0,1,0,0,0,
	0,1,0,0,0,
	0,1,0,0,0,
	0,1,0,0,0,
	0,0,1,0,0, //
	0,0,1,0,0,
	0,0,1,0,0,
	0,0,1,0,0,
	0,0,1,0,0,
	0,0,0,1,0, //
	0,0,0,1,0,
	0,0,0,1,0,
	0,0,0,1,0,
	0,0,0,1,0,
	0,0,0,0,1, //
	0,0,0,0,1,
	0,0,0,0,1,
	0,0,0,0,1,
	0,0,0,0,1,
	1,1,1,1,1, //
	0,0,0,0,0,
	0,0,0,0,0,
	0,0,0,0,0,
	0,0,0,0,0,
	0,0,0,0,0, //
	1,1,1,1,1,
	0,0,0,0,0,
	0,0,0,0,0,
	0,0,0,0,0,
	0,0,0,0,0, //
	0,0,0,0,0,
	1,1,1,1,1,
	0,0,0,0,0,
	0,0,0,0,0,
	0,0,0,0,0, //
	0,0,0,0,0,
	0,0,0,0,0,
	1,1,1,1,1,
	0,0,0,0,0,
	0,0,0,0,0, //
	0,0,0,0,0,
	0,0,0,0,0,
	0,0,0,0,0,
	1,1,1,1,1,
	1,0,0,0,0, //
	0,1,0,0,0,
	0,0,1,0,0,
	0,0,0,1,0,
	0,0,0,0,1,
	0,0,0,0,1, //
	0,0,0,1,0,
	0,0,1,0,0,
	0,1,0,0,0,
	1,0,0,0,0,
	1,0,0,0,1, //
	0,0,0,0,0,
	0,0,0,0,0,
	0,0,0,0,0,
	1,0,0,0,1,
	0,0,0,0,0, //
	0,1,0,1,0,
	0,0,0,0,0,
	0,1,0,1,0,
	0,0,0,0,0,
	1,1,0,0,0, //
	1,1,0,0,0,
	0,0,0,0,0,
	0,0,0,0,0,
	0,0,0,0,0,
	0,0,0,1,1, //
	0,0,0,1,1,
	0,0,0,0,0,
	0,0,0,0,0,
	0,0,0,0,0,
	0,0,0,0,0, //
	0,0,0,0,0,
	0,0,0,0,0,
	0,0,0,1,1,
	0,0,0,1,1,
	0,0,0,0,0, //
	0,0,0,0,0,
	0,0,0,0,0,
	1,1,0,0,0,
	1,1,0,0,0,
	1,1,1,0,0, //
	1,1,1,0,0,
	0,0,0,0,0,
	0,0,0,0,0,
	0,0,0,0,0,
	0,1,1,1,0, //
	0,1,1,1,0,
	0,0,0,0,0,
	0,0,0,0,0,
	0,0,0,0,0,
	0,0,1,1,1, //
	0,0,1,1,1,
	0,0,0,0,0,
	0,0,0,0,0,
	0,0,0,0,0,
	0,0,0,0,0, //
	1,1,1,0,0,
	1,1,1,0,0,
	0,0,0,0,0,
	0,0,0,0,0,
	0,0,0,0,0, //
	0,1,1,1,0,
	0,1,1,1,0,
	0,0,0,0,0,
	0,0,0,0,0,
	0,0,0,0,0, //
	0,0,1,1,1,
	0,0,1,1,1,
	0,0,0,0,0,
	0,0,0,0,0,
	0,0,0,0,0, //
	0,0,0,0,0,
	1,1,1,0,0,
	1,1,1,0,0,
	0,0,0,0,0,
	0,0,0,0,0, //
	0,0,0,0,0,
	0,1,1,1,0,
	0,1,1,1,0,
	0,0,0,0,0,
	0,0,0,0,0, //
	0,0,0,0,0,
	0,0,1,1,1,
	0,0,1,1,1,
	0,0,0,0,0,
	0,0,0,0,0, //
	0,0,0,0,0,
	0,0,0,0,0,
	1,1,1,0,0,
	1,1,1,0,0,
	0,0,0,0,0, //
	0,0,0,0,0,
	0,0,0,0,0,
	0,1,1,1,0,
	0,1,1,1,0,
	0,0,0,0,0, //
	0,0,0,0,0,
	0,0,0,0,0,
	0,0,1,1,1,
	0,0,1,1,1,
	1,1,0,0,0, //
	1,1,0,0,0,
	1,1,0,0,0,
	0,0,0,0,0,
	0,0,0,0,0,
	0,1,1,0,0, //
	0,1,1,0,0,
	0,1,1,0,0,
	0,0,0,0,0,
	0,0,0,0,0,
	0,0,1,1,0, //
	0,0,1,1,0,
	0,0,1,1,0,
	0,0,0,0,0,
	0,0,0,0,0,
	0,0,0,1,1, //
	0,0,0,1,1,
	0,0,0,1,1,
	0,0,0,0,0,
	0,0,0,0,0,
	0,0,0,0,0, //
	1,1,0,0,0,
	1,1,0,0,0,
	1,1,0,0,0,
	0,0,0,0,0,
	0,0,0,0,0, //
	0,1,1,0,0,
	0,1,1,0,0,
	0,1,1,0,0,
	0,0,0,0,0,
	0,0,0,0,0, //
	0,0,1,1,0,
	0,0,1,1,0,
	0,0,1,1,0,
	0,0,0,0,0,
	0,0,0,0,0, //
	0,0,0,1,1,
	0,0,0,1,1,
	0,0,0,1,1,
	0,0,0,0,0,
	0,0,0,0,0, //
	0,0,0,0,0,
	1,1,0,0,0,
	1,1,0,0,0,
	1,1,0,0,0,
	0,0,0,0,0, //
	0,0,0,0,0,
	0,1,1,0,0,
	0,1,1,0,0,
	0,1,1,0,0,
	0,0,0,0,0, //
	0,0,0,0,0,
	0,0,1,1,0,
	0,0,1,1,0,
	0,0,1,1,0,
	0,0,0,0,0, //
	0,0,0,0,0,
	0,0,0,1,1,
	0,0,0,1,1,
	0,0,0,1,1,
100 };

BYTE SM_416[] = {
	1,0,0,0,0, //
	0,1,0,0,0,
	0,0,1,0,0,
	0,0,0,1,0,
	0,0,0,0,1,
	0,0,0,0,1, //
	0,0,0,1,0,
	0,0,1,0,0,
	0,1,0,0,0,
	1,0,0,0,0,
100 };

BYTE SM_417[] = {
	1,1,1,0,0, //
	1,1,1,0,0,
	0,0,0,0,0,
	0,0,0,0,0,
	0,0,0,0,0,
	0,1,1,1,0, //
	0,1,1,1,0,
	0,0,0,0,0,
	0,0,0,0,0,
	0,0,0,0,0,
	0,0,1,1,1, //
	0,0,1,1,1,
	0,0,0,0,0,
	0,0,0,0,0,
	0,0,0,0,0,
	0,0,0,0,0, //
	1,1,1,0,0,
	1,1,1,0,0,
	0,0,0,0,0,
	0,0,0,0,0,
	0,0,0,0,0, //
	0,1,1,1,0,
	0,1,1,1,0,
	0,0,0,0,0,
	0,0,0,0,0,
	0,0,0,0,0, //
	0,0,1,1,1,
	0,0,1,1,1,
	0,0,0,0,0,
	0,0,0,0,0,
	0,0,0,0,0, //
	0,0,0,0,0,
	1,1,1,0,0,
	1,1,1,0,0,
	0,0,0,0,0,
	0,0,0,0,0, //
	0,0,0,0,0,
	0,1,1,1,0,
	0,1,1,1,0,
	0,0,0,0,0,
	0,0,0,0,0, //
	0,0,0,0,0,
	0,0,1,1,1,
	0,0,1,1,1,
	0,0,0,0,0,
	0,0,0,0,0, //
	0,0,0,0,0,
	0,0,0,0,0,
	1,1,1,0,0,
	1,1,1,0,0,
	0,0,0,0,0, //
	0,0,0,0,0,
	0,0,0,0,0,
	0,1,1,1,0,
	0,1,1,1,0,
	0,0,0,0,0, //
	0,0,0,0,0,
	0,0,0,0,0,
	0,0,1,1,1,
	0,0,1,1,1,
	1,1,0,0,0, //
	1,1,0,0,0,
	1,1,0,0,0,
	0,0,0,0,0,
	0,0,0,0,0,
	0,1,1,0,0, //
	0,1,1,0,0,
	0,1,1,0,0,
	0,0,0,0,0,
	0,0,0,0,0,
	0,0,1,1,0, //
	0,0,1,1,0,
	0,0,1,1,0,
	0,0,0,0,0,
	0,0,0,0,0,
	0,0,0,1,1, //
	0,0,0,1,1,
	0,0,0,1,1,
	0,0,0,0,0,
	0,0,0,0,0,
	0,0,0,0,0, //
	1,1,0,0,0,
	1,1,0,0,0,
	1,1,0,0,0,
	0,0,0,0,0,
	0,0,0,0,0, //
	0,1,1,0,0,
	0,1,1,0,0,
	0,1,1,0,0,
	0,0,0,0,0,
	0,0,0,0,0, //
	0,0,1,1,0,
	0,0,1,1,0,
	0,0,1,1,0,
	0,0,0,0,0,
	0,0,0,0,0, //
	0,0,0,1,1,
	0,0,0,1,1,
	0,0,0,1,1,
	0,0,0,0,0,
	0,0,0,0,0, //
	0,0,0,0,0,
	1,1,0,0,0,
	1,1,0,0,0,
	1,1,0,0,0,
	0,0,0,0,0, //
	0,0,0,0,0,
	0,1,1,0,0,
	0,1,1,0,0,
	0,1,1,0,0,
	0,0,0,0,0, //
	0,0,0,0,0,
	0,0,1,1,0,
	0,0,1,1,0,
	0,0,1,1,0,
	0,0,0,0,0, //
	0,0,0,0,0,
	0,0,0,1,1,
	0,0,0,1,1,
	0,0,0,1,1,
'X',
	1,0,0,0,0, //
	0,0,0,0,0,
	0,0,0,0,0,
	0,0,0,0,0,
	0,0,0,0,0,
	0,0,0,0,1, //
	0,0,0,0,0,
	0,0,0,0,0,
	0,0,0,0,0,
	0,0,0,0,0,
	0,0,0,0,0, //
	0,0,0,0,0,
	0,0,0,0,0,
	0,0,0,0,0,
	0,0,0,0,1,
	0,0,0,0,0, //
	0,0,0,0,0,
	0,0,0,0,0,
	0,0,0,0,0,
	1,0,0,0,0,
100 };

BYTE SM_420[] = {
	1,0,0,0,1, //
	0,1,0,1,0,
	0,0,1,0,0,
	0,0,0,0,0,
	0,0,0,0,0,
	0,0,0,0,1, //
	0,0,0,1,0,
	0,0,1,0,0,
	0,0,0,1,0,
	0,0,0,0,1,
	0,0,0,0,0, //
	0,0,0,0,0,
	0,0,1,0,0,
	0,1,0,1,0,
	1,0,0,0,1,
	1,0,0,0,0, //
	0,1,0,0,0,
	0,0,1,0,0,
	0,1,0,0,0,
	1,0,0,0,0,
100 };

BYTE SM_421[] = {
	1,1,1,0,0, //
	1,0,0,0,0,
	1,0,0,0,0,
	0,0,0,0,0,
	0,0,0,0,0,
	0,0,1,1,1, //
	0,0,0,0,1,
	0,0,0,0,1,
	0,0,0,0,0,
	0,0,0,0,0,
	0,0,0,0,0, //
	0,0,0,0,0,
	0,0,0,0,1,
	0,0,0,0,1,
	0,0,1,1,1,
	0,0,0,0,0, //
	0,0,0,0,0,
	1,0,0,0,0,
	1,0,0,0,0,
	1,1,1,0,0,
100 };

BYTE SM_423[] = {
	1,0,0,0,0, //
	1,0,0,0,0,
	1,0,0,0,0,
	1,0,0,0,0,
	1,0,0,0,0,
	0,1,0,0,0, //
	0,1,0,0,0,
	0,1,0,0,0,
	0,1,0,0,0,
	0,1,0,0,0,
	0,0,1,0,0, //
	0,0,1,0,0,
	0,0,1,0,0,
	0,0,1,0,0,
	0,0,1,0,0,
	0,0,0,1,0, //
	0,0,0,1,0,
	0,0,0,1,0,
	0,0,0,1,0,
	0,0,0,1,0,
	0,0,0,0,1, //
	0,0,0,0,1,
	0,0,0,0,1,
	0,0,0,0,1,
	0,0,0,0,1,
	1,1,1,1,1, //
	0,0,0,0,0,
	0,0,0,0,0,
	0,0,0,0,0,
	0,0,0,0,0,
	0,0,0,0,0, //
	1,1,1,1,1,
	0,0,0,0,0,
	0,0,0,0,0,
	0,0,0,0,0,
	0,0,0,0,0, //
	0,0,0,0,0,
	1,1,1,1,1,
	0,0,0,0,0,
	0,0,0,0,0,
	0,0,0,0,0, //
	0,0,0,0,0,
	0,0,0,0,0,
	1,1,1,1,1,
	0,0,0,0,0,
	0,0,0,0,0, //
	0,0,0,0,0,
	0,0,0,0,0,
	0,0,0,0,0,
	1,1,1,1,1,
	1,0,0,0,0, //
	0,1,0,0,0,
	0,0,1,0,0,
	0,0,0,1,0,
	0,0,0,0,1,
	0,0,0,0,1, //
	0,0,0,1,0,
	0,0,1,0,0,
	0,1,0,0,0,
	1,0,0,0,0,
	1,0,0,0,1, //
	0,0,0,0,0,
	0,0,0,0,0,
	0,0,0,0,0,
	1,0,0,0,1,
	1,1,0,0,0, //
	1,1,0,0,0,
	0,0,0,0,0,
	0,0,0,0,0,
	0,0,0,0,0,
	0,0,0,1,1, //
	0,0,0,1,1,
	0,0,0,0,0,
	0,0,0,0,0,
	0,0,0,0,0,
	0,0,0,0,0, //
	0,0,0,0,0,
	0,0,0,0,0,
	0,0,0,1,1,
	0,0,0,1,1,
	0,0,0,0,0, //
	0,0,0,0,0,
	0,0,0,0,0,
	1,1,0,0,0,
	1,1,0,0,0,
	1,1,1,0,0, //
	1,1,1,0,0,
	0,0,0,0,0,
	0,0,0,0,0,
	0,0,0,0,0,
	0,1,1,1,0, //
	0,1,1,1,0,
	0,0,0,0,0,
	0,0,0,0,0,
	0,0,0,0,0,
	0,0,1,1,1, //
	0,0,1,1,1,
	0,0,0,0,0,
	0,0,0,0,0,
	0,0,0,0,0,
	0,0,0,0,0, //
	1,1,1,0,0,
	1,1,1,0,0,
	0,0,0,0,0,
	0,0,0,0,0,
	0,0,0,0,0, //
	0,1,1,1,0,
	0,1,1,1,0,
	0,0,0,0,0,
	0,0,0,0,0,
	0,0,0,0,0, //
	0,0,1,1,1,
	0,0,1,1,1,
	0,0,0,0,0,
	0,0,0,0,0,
	0,0,0,0,0, //
	0,0,0,0,0,
	1,1,1,0,0,
	1,1,1,0,0,
	0,0,0,0,0,
	0,0,0,0,0, //
	0,0,0,0,0,
	0,1,1,1,0,
	0,1,1,1,0,
	0,0,0,0,0,
	0,0,0,0,0, //
	0,0,0,0,0,
	0,0,1,1,1,
	0,0,1,1,1,
	0,0,0,0,0,
	0,0,0,0,0, //
	0,0,0,0,0,
	0,0,0,0,0,
	1,1,1,0,0,
	1,1,1,0,0,
	0,0,0,0,0, //
	0,0,0,0,0,
	0,0,0,0,0,
	0,1,1,1,0,
	0,1,1,1,0,
	0,0,0,0,0, //
	0,0,0,0,0,
	0,0,0,0,0,
	0,0,1,1,1,
	0,0,1,1,1,
	1,1,0,0,0, //
	1,1,0,0,0,
	1,1,0,0,0,
	0,0,0,0,0,
	0,0,0,0,0,
	0,1,1,0,0, //
	0,1,1,0,0,
	0,1,1,0,0,
	0,0,0,0,0,
	0,0,0,0,0,
	0,0,1,1,0, //
	0,0,1,1,0,
	0,0,1,1,0,
	0,0,0,0,0,
	0,0,0,0,0,
	0,0,0,1,1, //
	0,0,0,1,1,
	0,0,0,1,1,
	0,0,0,0,0,
	0,0,0,0,0,
	0,0,0,0,0, //
	1,1,0,0,0,
	1,1,0,0,0,
	1,1,0,0,0,
	0,0,0,0,0,
	0,0,0,0,0, //
	0,1,1,0,0,
	0,1,1,0,0,
	0,1,1,0,0,
	0,0,0,0,0,
	0,0,0,0,0, //
	0,0,1,1,0,
	0,0,1,1,0,
	0,0,1,1,0,
	0,0,0,0,0,
	0,0,0,0,0, //
	0,0,0,1,1,
	0,0,0,1,1,
	0,0,0,1,1,
	0,0,0,0,0,
	0,0,0,0,0, //
	0,0,0,0,0,
	1,1,0,0,0,
	1,1,0,0,0,
	1,1,0,0,0,
	0,0,0,0,0, //
	0,0,0,0,0,
	0,1,1,0,0,
	0,1,1,0,0,
	0,1,1,0,0,
	0,0,0,0,0, //
	0,0,0,0,0,
	0,0,1,1,0,
	0,0,1,1,0,
	0,0,1,1,0,
	0,0,0,0,0, //
	0,0,0,0,0,
	0,0,0,1,1,
	0,0,0,1,1,
	0,0,0,1,1,
100 };


BYTE SM_424[] = {
	1,0,0,0,1, //
	0,1,0,1,0,
	0,0,1,0,0,
	0,1,0,1,0,
	1,0,0,0,1,
100 };

BYTE SM_425[] = {
	1,0,0,0,1, // 1
	0,1,0,1,0,
	0,0,1,0,0,
	0,1,0,1,0,
	1,0,0,0,1,
	0,0,0,0,0, //
	0,0,0,0,0,
	0,0,0,0,0,
	0,0,0,0,0,
	0,0,0,0,0,
	0,0,0,0,0, //
	0,0,0,0,0,
	0,0,0,0,0,
	0,0,0,0,0,
	0,0,0,0,0,
	0,0,0,0,0, //
	0,0,0,0,0,
	0,0,0,0,0,
	0,0,0,0,0,
	0,0,0,0,0,

	0,0,0,0,0, // 2
	0,0,0,0,0,
	0,0,0,0,0,
	0,0,0,0,0,
	0,0,0,0,0,
	1,0,0,0,1, //
	0,1,0,1,0,
	0,0,1,0,0,
	0,1,0,1,0,
	1,0,0,0,1,
	0,0,0,0,0, //
	0,0,0,0,0,
	0,0,0,0,0,
	0,0,0,0,0,
	0,0,0,0,0,
	0,0,0,0,0, //
	0,0,0,0,0,
	0,0,0,0,0,
	0,0,0,0,0,
	0,0,0,0,0,

	0,0,0,0,0, // 3
	0,0,0,0,0,
	0,0,0,0,0,
	0,0,0,0,0,
	0,0,0,0,0,
	0,0,0,0,0, //
	0,0,0,0,0,
	0,0,0,0,0,
	0,0,0,0,0,
	0,0,0,0,0,
	1,0,0,0,1, // 
	0,1,0,1,0,
	0,0,1,0,0,
	0,1,0,1,0,
	1,0,0,0,1,
	0,0,0,0,0, //
	0,0,0,0,0,
	0,0,0,0,0,
	0,0,0,0,0,
	0,0,0,0,0,

	0,0,0,0,0, // 4
	0,0,0,0,0,
	0,0,0,0,0,
	0,0,0,0,0,
	0,0,0,0,0,
	0,0,0,0,0, //
	0,0,0,0,0,
	0,0,0,0,0,
	0,0,0,0,0,
	0,0,0,0,0,
	0,0,0,0,0, //
	0,0,0,0,0,
	0,0,0,0,0,
	0,0,0,0,0,
	0,0,0,0,0,
	1,0,0,0,1, // 
	0,1,0,1,0,
	0,0,1,0,0,
	0,1,0,1,0,
	1,0,0,0,1,

	1,0,0,0,0, // 5 - the big X
	0,1,0,0,0,
	0,0,1,0,0,
	0,0,0,1,0,
	0,0,0,0,1,
	0,0,0,0,1, //
	0,0,0,1,0,
	0,0,1,0,0,
	0,1,0,0,0,
	1,0,0,0,0,
	0,0,0,0,1, //
	0,0,0,1,0,
	0,0,1,0,0,
	0,1,0,0,0,
	1,0,0,0,0,
	1,0,0,0,0, //
	0,1,0,0,0,
	0,0,1,0,0,
	0,0,0,1,0,
	0,0,0,0,1,

100 };

BYTE SM_426[] = {
	0,0,0,0,0, //
	0,1,1,1,0,
	1,1,1,1,1,
	0,1,1,1,0,
	0,0,0,0,0,
100 };

BYTE SM_427[] = {
	1,0,0,0,1, //
	0,1,0,1,0,
	0,0,1,0,0,
	0,1,0,1,0,
	1,0,0,0,1,
100 };

BYTE SM_428[] = {
	1,1,1,1,1, //
	1,1,1,1,1,
	1,1,1,1,1,
	0,0,0,0,0,
	0,0,0,0,0,
	0,0,0,0,0, //
	0,0,0,0,0,
	1,1,1,1,1,
	1,1,1,1,1,
	1,1,1,1,1,
100 };

BYTE SM_429[] = {
	0,0,0,0,0, //
	0,1,1,1,0,
	0,1,0,1,0,
	0,1,1,1,0,
	0,0,0,0,0,
100 };

BYTE SM_430[] = {
	0,0,0,1,1, //
	0,0,1,1,1,
	0,1,1,1,0,
	1,1,1,0,0,
	1,1,0,0,0,
100 };

BYTE SM_431[] = {
	1,1,1,1,1, //
	1,1,1,1,1,
	0,0,1,0,0,
	0,0,1,0,0,
	0,0,1,0,0,
100 };

BYTE SM_432[] = {
	1,1,1,1,1, //
	0,0,0,1,0,
	0,0,1,0,0,
	0,1,0,0,0,
	1,0,0,0,0,
100 };

BYTE SM_435[] = {
	1,1,0,0,0, //
	1,1,0,0,0,
	1,1,0,0,0,
	1,1,0,0,0,
	1,1,0,0,0,	
	1,0,1,0,0, //
	1,0,1,0,0,
	1,0,1,0,0,
	1,0,1,0,0,
	1,0,1,0,0,	
	1,0,0,1,0, //
	1,0,0,1,0,
	1,0,0,1,0,
	1,0,0,1,0,
	1,0,0,1,0,	
	1,0,0,0,1, //
	1,0,0,0,1,
	1,0,0,0,1,
	1,0,0,0,1,
	1,0,0,0,1,	
	1,1,1,1,1, //
	1,0,0,0,0,
	1,0,0,0,0,
	1,0,0,0,0,
	1,0,0,0,0,	
	1,0,0,0,0, //
	1,1,1,1,1,
	1,0,0,0,0,
	1,0,0,0,0,
	1,0,0,0,0,	
	1,0,0,0,0, //
	1,0,0,0,0,
	1,1,1,1,1,
	1,0,0,0,0,
	1,0,0,0,0,	
	1,0,0,0,0, //
	1,0,0,0,0,
	1,0,0,0,0,
	1,1,1,1,1,
	1,0,0,0,0,	
	1,0,0,0,0, //
	1,0,0,0,0,
	1,0,0,0,0,
	1,0,0,0,0,
	1,1,1,1,1,	
	1,0,0,0,0, //
	1,1,0,0,0,
	1,0,1,0,0,
	1,0,0,1,0,
	1,0,0,0,1,	
	1,0,0,0,1, //
	1,0,0,1,0,
	1,0,1,0,0,
	1,1,0,0,0,
	1,0,0,0,0,			
	
	0,1,1,0,0, //
	0,1,1,0,0,
	0,1,1,0,0,
	0,1,1,0,0,
	0,1,1,0,0,
	0,1,0,1,0, //
	0,1,0,1,0,
	0,1,0,1,0,
	0,1,0,1,0,
	0,1,0,1,0,
	0,1,0,0,1, //
	0,1,0,0,1,
	0,1,0,0,1,
	0,1,0,0,1,
	0,1,0,0,1,
	1,1,1,1,1, //
	0,1,0,0,0,
	0,1,0,0,0,
	0,1,0,0,0,
	0,1,0,0,0,
	0,1,0,0,0, //
	1,1,1,1,1,
	0,1,0,0,0,
	0,1,0,0,0,
	0,1,0,0,0,
	0,1,0,0,0, //
	0,1,0,0,0,
	1,1,1,1,1,
	0,1,0,0,0,
	0,1,0,0,0,
	0,1,0,0,0, //
	0,1,0,0,0,
	0,1,0,0,0,
	1,1,1,1,1,
	0,1,0,0,0,
	0,1,0,0,0, //
	0,1,0,0,0,
	0,1,0,0,0,
	0,1,0,0,0,
	1,1,1,1,1,
	1,1,0,0,0, //
	0,1,0,0,0,
	0,1,1,0,0,
	0,1,0,1,0,
	0,1,0,0,1,
	0,1,0,0,1, //
	0,1,0,1,0,
	0,1,1,0,0,
	0,1,0,0,0,
	1,1,0,0,0,		
	
	0,0,1,1,0, //
	0,0,1,1,0,
	0,0,1,1,0,
	0,0,1,1,0,
	0,0,1,1,0,			
	0,0,1,0,1, //
	0,0,1,0,1,
	0,0,1,0,1,
	0,0,1,0,1,
	0,0,1,0,1,		
	1,1,1,1,1, //
	0,0,1,0,0,
	0,0,1,0,0,
	0,0,1,0,0,
	0,0,1,0,0,		
	0,0,1,0,0, //
	1,1,1,1,1,
	0,0,1,0,0,
	0,0,1,0,0,
	0,0,1,0,0,		
	0,0,1,0,0, //
	0,0,1,0,0,
	1,1,1,1,1,
	0,0,1,0,0,
	0,0,1,0,0,		
	0,0,1,0,0, //
	0,0,1,0,0,
	0,0,1,0,0,
	1,1,1,1,1,
	0,0,1,0,0,		
	0,0,1,0,0, //
	0,0,1,0,0,
	0,0,1,0,0,
	0,0,1,0,0,
	1,1,1,1,1,		
	1,0,1,0,0, //
	0,1,1,0,0,
	0,0,1,0,0,
	0,0,1,1,0,
	0,0,1,0,1,		
	0,0,1,0,1, //
	0,0,1,1,0,
	0,0,1,0,0,
	0,1,1,0,0,
	1,0,1,0,0,			
	
	0,0,0,1,1, //
	0,0,0,1,1,
	0,0,0,1,1,
	0,0,0,1,1,
	0,0,0,1,1,
	1,1,1,1,1, //
	0,0,0,1,0,
	0,0,0,1,0,
	0,0,0,1,0,
	0,0,0,1,0,
	0,0,0,1,0, //
	1,1,1,1,1,
	0,0,0,1,0,
	0,0,0,1,0,
	0,0,0,1,0,
	0,0,0,1,0, //
	0,0,0,1,0,
	1,1,1,1,1,
	0,0,0,1,0,
	0,0,0,1,0,
	0,0,0,1,0, //
	0,0,0,1,0,
	0,0,0,1,0,
	1,1,1,1,1,
	0,0,0,1,0,
	0,0,0,1,0, //
	0,0,0,1,0,
	0,0,0,1,0,
	0,0,0,1,0,
	1,1,1,1,1,
	1,0,0,1,0, //
	0,1,0,1,0,
	0,0,1,1,0,
	0,0,0,1,0,
	0,0,0,1,1,
	0,0,0,1,1, //
	0,0,0,1,0,
	0,0,1,1,0,
	0,1,0,1,0,
	1,0,0,1,0,
	
	1,1,1,1,1, //
	0,0,0,0,1,
	0,0,0,0,1,
	0,0,0,0,1,
	0,0,0,0,1,		
	0,0,0,0,1, //
	1,1,1,1,1,
	0,0,0,0,1,
	0,0,0,0,1,
	0,0,0,0,1,		
	0,0,0,0,1, //
	0,0,0,0,1,
	1,1,1,1,1,
	0,0,0,0,1,
	0,0,0,0,1,		
	0,0,0,0,1, //
	0,0,0,0,1,
	0,0,0,0,1,
	1,1,1,1,1,
	0,0,0,0,1,		
	0,0,0,0,1, //
	0,0,0,0,1,
	0,0,0,0,1,
	0,0,0,0,1,
	1,1,1,1,1,		
	1,0,0,0,1, //
	0,1,0,0,1,
	0,0,1,0,1,
	0,0,0,1,1,
	0,0,0,0,1,		
	0,0,0,0,1, //
	0,0,0,1,1,
	0,0,1,0,1,
	0,1,0,0,1,
	1,0,0,0,1,							
	
	1,1,1,1,1, //
	1,1,1,1,1,
	0,0,0,0,0,
	0,0,0,0,0,
	0,0,0,0,0,					
	1,1,1,1,1, //
	0,0,0,0,0,
	1,1,1,1,1,
	0,0,0,0,0,
	0,0,0,0,0,			
	1,1,1,1,1, //
	0,0,0,0,0,
	0,0,0,0,0,
	1,1,1,1,1,
	0,0,0,0,0,			
	1,1,1,1,1, //
	0,0,0,0,0,
	0,0,0,0,0,
	0,0,0,0,0,
	1,1,1,1,1,			
	1,1,1,1,1, //
	0,1,0,0,0,
	0,0,1,0,0,
	0,0,0,1,0,
	0,0,0,0,1,			
	1,1,1,1,1, //
	0,0,0,1,0,
	0,0,1,0,0,
	0,1,0,0,0,
	1,0,0,0,0,										
	
	0,0,0,0,0, //
	1,1,1,1,1,
	1,1,1,1,1,
	0,0,0,0,0,
	0,0,0,0,0,				
	0,0,0,0,0, //
	1,1,1,1,1,
	0,0,0,0,0,
	1,1,1,1,1,
	0,0,0,0,0,			
	0,0,0,0,0, //
	1,1,1,1,1,
	0,0,0,0,0,
	0,0,0,0,0,
	1,1,1,1,1,			
	1,0,0,0,0, //
	1,1,1,1,1,
	0,0,1,0,0,
	0,0,0,1,0,
	0,0,0,0,1,			
	0,0,0,0,1, //
	1,1,1,1,1,
	0,0,1,0,0,
	0,1,0,0,0,
	1,0,0,0,0,
	
	0,0,0,0,0, //
	0,0,0,0,0,
	1,1,1,1,1,
	1,1,1,1,1,
	0,0,0,0,0,	
	0,0,0,0,0, //
	0,0,0,0,0,
	1,1,1,1,1,
	0,0,0,0,0,
	1,1,1,1,1,	
	1,0,0,0,0, //
	0,1,0,0,0,
	1,1,1,1,1,
	0,0,0,1,0,
	0,0,0,0,1,	
	0,0,0,0,1, //
	0,0,0,1,0,
	1,1,1,1,1,
	0,1,0,0,0,
	1,0,0,0,0,				
	
	0,0,0,0,0, //
	0,0,0,0,0,
	0,0,0,0,0,
	1,1,1,1,1,
	1,1,1,1,1,					
	1,0,0,0,0, //
	0,1,0,0,0,
	0,0,1,0,0,
	1,1,1,1,1,
	0,0,0,0,1,					
	0,0,0,0,1, //
	0,0,0,1,0,
	0,0,1,0,0,
	1,1,1,1,1,
	1,0,0,0,0,							
	
	1,0,0,0,0, //
	0,1,0,0,0,
	0,0,1,0,0,
	0,0,0,1,0,
	1,1,1,1,1,							
	0,0,0,0,1, //
	0,0,0,1,0,
	0,0,1,0,0,
	0,1,0,0,0,
	1,1,1,1,1,									
	
	1,0,0,0,1, //
	0,1,0,1,0,
	0,0,1,0,0,
	0,1,0,1,0,
	1,0,0,0,1,										
100 };

BYTE SM_501[] = {
	1,1,1,1,1, //
	1,1,1,1,1,
	1,1,1,1,1,
	1,1,1,1,1,
	1,1,1,1,1,
100 };

BYTE SM_502[] = {
	1,1,1,1,1, //
	1,1,1,1,1,
	1,1,1,1,1,
	1,1,1,1,1,
	1,1,1,1,1,
100 };

BYTE SM_503[] = {
	1,1,1,1,1, //
	1,1,1,1,1,
	1,1,1,1,1,
	1,1,1,1,1,
	1,1,1,1,1,
100 };

BYTE SM_504[] = {
	1,1,1,1,1, //
	1,1,1,1,1,
	1,1,1,1,1,
	1,1,1,1,1,
	1,1,1,1,1,
100 };

BYTE SM_505[] = {
	1,1,1,1,1, //
	1,1,1,1,1,
	1,1,1,1,1,
	1,1,1,1,1,
	1,1,1,1,1,
100 };

BYTE SM_506[] = {
	1,1,1,1,1, //
	1,1,1,1,1,
	1,1,1,1,1,
	1,1,1,1,1,
	1,1,1,1,1,
100 };

BYTE SM_507[] = {
	1,1,1,1,1, //
	1,1,1,1,1,
	1,1,1,1,1,
	1,1,1,1,1,
	1,1,1,1,1,
100 };

BYTE SM_508[] = {
	1,1,1,1,1, //
	1,1,1,1,1,
	1,1,1,1,1,
	1,1,1,1,1,
	1,1,1,1,1,
100 };

BYTE SM_509[] = {
	1,1,1,1,1, //
	1,1,1,1,1,
	1,1,1,1,1,
	1,1,1,1,1,
	1,1,1,1,1,
100 };

BYTE SM_510[] = {
	1,1,1,1,1, //
	1,1,1,1,1,
	1,1,1,1,1,
	1,1,1,1,1,
	1,1,1,1,1,
100 };

BYTE SM_511[] = {
	1,1,1,1,1, //
	1,1,1,1,1,
	1,1,1,1,1,
	1,1,1,1,1,
	1,1,1,1,1,
100 };

BYTE SM_512[] = {
	1,1,1,1,1, //
	1,1,1,1,1,
	1,1,1,1,1,
	1,1,1,1,1,
	1,1,1,1,1,
100 };

BYTE SM_513[] = {
	1,1,1,1,1, //
	1,1,1,1,1,
	1,1,1,1,1,
	1,1,1,1,1,
	1,1,1,1,1,
100 };

BYTE SM_514[] = {
	1,1,1,1,1, //
	1,1,1,1,1,
	1,1,1,1,1,
	1,1,1,1,1,
	1,1,1,1,1,
100 };

BYTE SM_515[] = {
	1,1,1,1,1, //
	1,1,1,1,1,
	1,1,1,1,1,
	1,1,1,1,1,
	1,1,1,1,1,
100 };

BYTE SM_516[] = {
	1,1,1,1,1, //
	1,1,1,1,1,
	1,1,1,1,1,
	1,1,1,1,1,
	1,1,1,1,1,
100 };
